Taxonomy	GXH_3171	GXH_2742	GXH_1176	GXH_3170	GXH_3392	GXH_3174	GXH_1634	GXH_2301	GXH_2741	GXH_3384	GXH_2520	GXH_1635	GXH_913	GXH_1390	GXH_2631	GXH_4036	GXH_1860	GXH_3303	GXH_2074	GXH_3806	GXH_3593	GXH_695	GXH_1389
Candidatus Korarchaeum	0	1	0	3	2	2	23	0	1	0	16	1	0	20	1	2	0	0	0	0	0	0	0
Acidilobus	1	0	17	3	2	3	1	4	0	0	4	1	4	9	0	0	1	3	59	2	0	2	0
Caldisphaera	1	0	0	0	10	1	0	1	2	1	1	0	1	0	0	1	5	0	2	1	0	1	3
Desulfurococcus	3	2	2	11	1	0	1	0	1	1	0	1	2	0	9	1	4	2	5	0	0	0	6
Ignicoccus	0	6	0	0	6	5	0	0	0	0	1	0	4	1	0	0	0	1	4	0	0	0	0
Staphylothermus	0	0	0	0	1	0	1	0	0	4	1	0	0	1	2	3	2	0	1	0	2	0	1
Thermogladius	0	0	0	2	1	0	0	3	0	0	0	0	3	0	0	0	0	0	1	0	0	0	0
Thermosphaera	0	0	1	0	0	2	0	1	3	4	0	0	0	0	0	0	0	0	3	0	0	1	0
Hyperthermus	1	0	8	1	16	0	4	11	11	5	3	8	9	1	0	2	0	3	0	1	3	1	3
Pyrodictium	0	0	0	0	0	0	3	0	0	0	0	0	2	1	0	0	1	0	0	1	0	3	0
Pyrolobus	1	0	3	1	0	12	0	2	0	1	21	0	1	0	0	2	0	0	0	2	0	3	0
Acidianus	0	4	0	3	6	2	12	24	0	0	4	16	16	0	2	2	0	0	5	0	7	4	44
Metallosphaera	0	0	0	0	0	3	0	0	0	0	0	0	2	2	0	1	0	0	0	1	1	3	1
Sulfolobus	2	0	13	0	3	15	1	1	5	11	3	0	9	2	1	1	5	9	2	2	3	10	17
Sulfurisphaera	1	0	0	1	0	1	0	0	0	0	0	0	5	0	0	0	4	1	2	0	1	0	2
Thermofilum	0	2	1	4	0	1	6	2	15	0	9	2	2	3	3	1	4	1	0	1	6	6	0
Caldivirga	1	0	0	0	0	2	1	7	0	3	0	3	5	0	1	0	0	0	1	0	0	0	1
Pyrobaculum	0	0	0	1	4	0	0	0	1	0	0	0	0	0	0	1	0	0	1	0	0	0	1
Thermoproteus	19	15	15	12	1	82	11	86	43	31	7	15	29	47	28	14	5	61	3	114	37	25	80
Vulcanisaeta	0	3	1	0	1	5	1	0	4	5	0	0	7	0	19	0	0	0	0	0	0	2	3
Archaeoglobus	19	8	137	24	10	36	25	31	56	113	35	19	232	48	45	21	26	63	197	25	8	49	26
Ferroglobus	4	0	0	17	5	8	4	4	3	13	1	2	14	2	6	0	0	3	7	0	0	5	5
Geoglobus	19	5	36	38	16	10	10	17	27	41	30	25	25	25	19	11	20	30	19	21	36	25	63
Haloarcula	12	4	22	20	23	55	14	4	12	11	23	19	68	53	15	12	14	24	28	19	4	25	22
Halomicrobium	9	0	2	54	9	26	2	7	2	80	3	3	12	6	33	0	1	15	1	3	0	29	56
Halorhabdus	21	7	17	12	11	42	50	12	23	37	23	33	21	23	7	3	11	10	17	17	0	8	15
Halorientalis	0	0	4	4	3	3	3	16	4	0	0	2	22	53	3	2	1	1	4	2	4	17	2
Natronomonas	79	5	7	117	0	5	4	1	37	16	15	12	9	53	5	3	5	13	16	21	3	21	25
Halalkalicoccus	5	29	41	6	6	9	38	20	4	2	21	37	19	2	13	39	3	30	23	9	14	14	29
Halanaeroarchaeum	6	2	40	9	0	5	4	1	1	2	47	0	7	17	25	5	12	0	8	2	5	13	8
Halobacterium	5	13	64	91	10	36	15	0	23	13	22	46	45	21	6	2	1	7	12	56	4	21	18
Halodesulfurarchaeum	0	0	4	2	1	8	0	0	1	0	0	1	2	0	6	1	0	6	1	1	22	1	0
Haloferax	6	13	58	14	25	20	87	27	73	8	33	74	31	36	26	7	1	7	11	33	13	44	16
Halogeometricum	9	0	0	4	1	2	9	5	2	4	5	4	8	4	6	1	3	0	4	2	0	24	1
Haloplanus	8	1	44	9	6	4	29	12	19	15	65	15	18	26	2	3	10	15	3	17	2	38	17
Haloquadratum	44	0	0	640	1	4	24	83	2	99	0	2	62	0	20	1	1	7	14	0	7	52	20
Halohasta	4	10	5	20	1	3	0	2	2	13	0	16	12	0	1	4	6	12	13	5	1	12	7
Halopenitus	10	14	90	3	0	95	3	72	3	2	21	1	9	5	1	5	3	54	1	6	3	13	0
Halorubrum	9	2	17	8	9	11	10	30	3	20	32	23	14	8	11	7	12	1	5	6	11	7	27
Salinigranum	0	3	1	3	10	11	1	1	3	5	14	0	2	1	2	1	0	6	0	2	4	4	12
Halobiforma	1	5	1	6	0	16	7	0	0	5	7	16	16	1	0	0	1	6	0	9	5	0	3
Halopiger	22	7	1	5	1	1	47	8	0	24	15	2	4	7	2	0	17	2	0	16	5	1	10
Halostagnicola	3	0	20	13	9	0	4	3	1	5	2	4	2	5	4	3	1	1	8	1	11	1	3
Haloterrigena	11	0	17	33	7	32	14	11	1	14	23	21	10	11	13	41	2	33	14	18	26	49	46
Natrialba	8	5	100	8	0	67	2	43	5	4	4	3	4	0	10	0	0	47	20	3	3	11	0
Natrinema	2	1	4	30	4	1	9	5	9	3	2	3	0	3	1	5	1	3	2	10	4	6	8
Natronobacterium	46	2	18	24	5	12	53	25	10	10	54	14	11	17	22	48	105	18	33	30	0	5	17
Natronococcus	1	1	6	3	9	4	6	2	0	8	0	2	28	3	0	0	5	19	0	5	4	2	1
Natronolimnobius	3	4	11	3	5	19	1	21	15	19	11	2	14	8	4	4	5	9	23	9	6	53	15
Salinarchaeum	68	8	25	4	19	106	11	6	2	0	49	29	13	9	7	18	10	4	9	27	4	13	23
Methanobacterium	72	40	25	16	23	30	18	44	22	66	30	24	70	28	31	22	21	47	30	14	24	96	60
Methanobrevibacter	178539	86452	194680	2902	61114	16671	244854	186392	59106	3715	7648	384984	57991	76187	80737	130860	108363	30074	64812	106280	300645	14731	76982
Methanosphaera	95	45	92	7	434	68	37	55	58	13	18	2	17	29	13	7	55	29	14	31	118	40	82
Methanothermobacter	33	5	30	5	7	5	6	10	26	11	7	30	35	7	4	16	3	3	5	13	2	3	12
Methanothermus	0	0	0	0	0	0	0	2	0	1	0	3	1	0	3	0	0	0	1	1	0	1	0
Methanocaldococcus	1	3	3	10	5	1	2	0	8	3	4	3	7	0	2	8	7	3	1	1	20	6	4
Methanotorris	2	0	2	0	0	2	1	4	0	0	2	2	1	1	4	1	8	0	1	0	5	0	1
Methanococcus	94	33	95	69	54	78	70	118	81	197	34	51	99	77	39	19	44	85	48	158	22	116	174
Methanothermococcus	3	2	4	5	1	5	1	0	2	23	0	0	3	1	0	0	2	1	22	7	1	0	4
Methanocella	42	53	155	48	62	16	103	26	7	17	245	72	80	12	28	71	122	33	15	87	35	107	94
Methanocorpusculum	23	6	50	7	36	5	18	22	10	36	11	7	29	17	30	21	2	15	10	38	45	7	10
Methanoculleus	23	12	171	35	32	51	32	14	38	31	49	85	46	57	14	14	20	27	30	41	11	114	59
Methanofollis	13	0	26	8	50	20	22	15	8	15	35	10	18	14	10	3	9	3	0	11	7	23	6
Methanolacinia	1	1	7	16	18	22	3	12	5	26	28	24	16	4	5	3	7	6	4	20	0	13	6
Methanoplanus	3	4	6	2	0	2	1	19	5	2	5	7	4	5	3	8	2	1	6	1	8	6	0
Methanolinea	2	0	3	0	0	4	0	0	1	1	0	3	0	0	4	7	0	0	4	0	1	3	0
Methanoregula	16	20	39	54	31	62	30	34	14	26	34	9	28	40	47	12	7	13	11	16	43	17	12
Methanosphaerula	0	0	3	5	2	3	3	1	2	12	17	2	1	0	18	2	13	3	3	3	0	1	3
Methanospirillum	2	1	39	2	12	20	9	79	17	4	12	21	4	13	12	1	5	15	6	7	6	5	4
Methanothrix	11	41	72	10	17	35	57	39	21	27	43	51	43	15	39	37	7	40	32	24	43	35	51
Methanococcoides	15	3	35	13	10	14	10	17	15	17	13	9	40	10	19	12	14	13	10	20	9	22	17
Methanohalobium	12	1	11	1	19	16	7	5	19	29	1	7	13	5	2	0	21	2	2	19	0	40	1
Methanohalophilus	9	2	10	32	11	6	4	1	6	7	14	26	16	14	6	11	2	10	33	11	38	26	3
Methanolobus	3	1	10	3	0	3	1	3	21	2	3	9	15	4	4	13	2	5	8	0	2	6	3
Methanomethylovorans	40	5	35	7	332	62	18	34	1318	15	23	10	25	25	24	5	48	19	21	31	16	21	77
Methanosalsum	1	1	3	2	0	4	1	2	3	15	5	3	6	5	0	0	0	0	15	1	0	1	5
Methanosarcina	115	73	283	110	275	160	178	244	124	271	267	201	262	278	133	98	88	135	152	133	99	170	187
Methanopyrus	0	1	0	1	0	3	0	0	0	1	1	0	1	3	0	0	0	1	0	2	0	9	0
Palaeococcus	0	0	4	2	2	0	14	40	2	0	0	108	1	0	0	0	17	1	1	0	2	1	0
Pyrococcus	5	8	7	0	1	9	1	3	4	1	48	13	13	2	30	0	5	1	24	9	1	2	5
Thermococcus	974	140	481	280	198	180	609	372	421	352	212	371	312	783	324	969	280	403	253	310	791	366	432
Candidatus Methanomethylophilus	102061	30499	13410	23325	214755	94133	84032	57435	287287	7831	328	48410	40578	207296	30143	146188	35037	200538	198319	1431	937	18842	619
Candidatus Methanoplasma	229	34	1288	112	542	563	311	469	766	1413	463	1145	820	625	656	154	396	616	342	957	46	457	552
Methanomassiliicoccus	57	7	159	83	84	71	50	79	134	133	91	179	113	113	151	34	73	102	73	133	13	56	48
Cuniculiplasma	4	0	16	0	6	8	11	3	9	9	5	7	8	15	26	7	6	12	11	9	4	3	6
Ferroplasma	0	3	5	1	5	3	1	2	2	6	1	10	5	9	8	7	1	4	2	2	1	32	6
Picrophilus	0	0	2	0	3	9	1	1	3	9	4	2	13	3	0	1	0	8	2	2	0	9	2
Thermoplasma	17	7	3	1	1	1	2	1	1	1	1	7	6	2	5	1	3	4	1	3	0	0	7
Aciduliprofundum	4	0	7	23	8	4	7	2	30	7	6	5	6	9	12	6	7	6	2	5	1	2	6
Candidatus Nitrosocaldus	0	2	0	0	1	0	0	0	0	1	0	0	0	0	0	0	0	0	0	0	2	0	0
Nitrososphaera	4	2	3	28	13	7	37	13	2	12	0	10	5	0	0	7	1	1	14	2	1	18	0
Candidatus Nitrosopelagicus	0	0	0	0	0	0	0	1	0	1	0	0	14	0	0	0	0	0	2	0	0	4	3
Candidatus Nitrosotenuis	0	0	0	11	0	0	1	0	1	2	3	0	0	4	2	1	2	0	4	1	0	0	4
Candidatus Nitrosomarinus	0	0	0	0	1	1	0	0	0	1	0	0	1	0	1	0	0	0	1	0	0	0	0
Nitrosopumilus	2	2	3	0	15	0	0	0	0	1	5	0	10	4	6	1	10	5	11	2	1	5	0
Thermobaculum	82	4	25	5	48	103	32	51	707	24	4	123	79	12	8	10	20	0	26	7	35	12	28
Luteitalea	163	41	237	97	167	268	142	172	86	51	206	219	134	137	124	91	83	54	191	110	100	193	98
Acidobacterium	115	98	150	124	55	174	168	98	67	40	146	167	179	39	63	84	243	64	195	103	109	187	160
Candidatus Koribacter	60	37	299	335	308	437	66	82	261	36	540	168	58	139	46	100	17	221	288	115	39	190	143
Granulicella	282	137	411	220	109	650	265	628	356	251	465	246	332	248	362	241	796	502	207	188	283	428	310
