Taxonomy	GXH_3171	GXH_2742	GXH_1176	GXH_3170	GXH_3392	GXH_3174	GXH_1634	GXH_2301	GXH_2741	GXH_3384	GXH_2520	GXH_1635	GXH_913	GXH_1390	GXH_2631	GXH_4036	GXH_1860	GXH_3303	GXH_2074	GXH_3806	GXH_3593	GXH_695	GXH_1389
Thermoprotei	32	32	62	45	52	134	44	142	88	66	56	56	101	68	65	30	31	81	101	125	60	61	164
Archaeoglobi	42	13	173	79	31	54	39	52	86	167	66	46	271	75	70	32	46	96	223	46	44	79	94
Halobacteria	481	188	846	1356	209	650	497	469	354	459	647	445	524	471	278	304	257	404	350	486	272	609	496
Methanobacteria	178740	86542	194964	2930	61578	16774	244919	186503	59212	3806	7704	385211	58118	76289	80789	130983	108443	30154	64862	106343	300789	14871	77136
Methanococci	100	38	108	84	60	86	74	122	91	233	40	56	111	79	45	28	61	90	72	166	48	122	185
Methanomicrobia	363	227	988	383	924	513	515	578	1656	591	820	559	689	523	411	319	399	366	392	474	364	671	552
Methanopyri	0	1	0	1	0	3	0	0	0	1	1	0	1	3	0	0	0	1	0	2	0	9	0
Thermococci	1062	154	498	387	225	203	629	421	469	379	267	581	334	834	370	971	302	423	503	331	794	413	469
Thermoplasmata	103075	30784	17761	23849	217247	96537	85581	59532	290218	13577	1913	52426	44302	209845	32106	147100	36656	203403	200566	5173	1156	20989	2200
Nitrososphaeria	4	4	3	28	14	7	37	13	2	13	0	10	5	0	0	7	1	1	14	2	3	18	0
Acidobacteria subdivision 6	163	41	237	97	167	268	142	172	86	51	206	219	134	137	124	91	83	54	191	110	100	193	98
Acidobacteriia	1118	461	1692	1688	630	1709	766	1279	1100	1239	1478	969	1041	2073	1071	1542	1378	1126	1072	692	1626	1510	1391
Blastocatellia	34	34	114	139	46	75	47	65	41	50	147	67	84	74	53	17	41	50	83	125	26	139	136
Solibacteres	146	72	344	186	208	123	479	362	128	351	361	168	405	489	68	170	392	126	141	98	51	294	334
Acidimicrobiia	66	27	36	86	54	35	130	47	27	29	259	56	164	80	23	66	442	35	25	84	39	216	30
Actinobacteria	54606	21690	112837	45742	37796	71019	61829	57305	49699	45002	86355	64978	57154	157469	46472	49989	55214	48855	58394	59882	64528	55266	58660
Coriobacteriia	118122	24949	166600	22311	50755	34889	41794	24556	29294	47642	32460	184134	101217	78100	127661	97229	57909	40651	57729	25631	22399	162808	237130
Nitriliruptoria	43	39	262	63	194	192	114	142	66	28	328	150	192	144	55	145	322	81	352	192	56	170	97
Rubrobacteria	790	165	322	427	127	271	316	212	138	339	553	501	272	284	205	165	454	166	219	324	179	323	354
Thermoleophilia	102	55	250	92	80	267	177	154	79	40	500	164	187	113	74	90	368	71	95	252	50	196	165
Aquificae	609	40	174	209	217	148	259	297	285	158	111	254	224	721	235	352	168	416	185	113	414	153	157
Chthonomonadetes	70	7	157	104	112	132	45	81	146	60	147	162	79	106	125	85	59	43	285	82	19	41	85
Fimbriimonadia	27	19	143	18	28	38	75	69	55	20	173	131	34	86	10	21	46	18	19	28	27	66	93
Bacteroidia	480875	3053698	336335	662594	1853833	758319	1324963	754316	289910	391871	5423608	1549865	251524	915790	3232884	3403595	660015	775767	1460497	3104949	3269804	342772	349157
Chitinophagia	988	346	770	1094	726	875	922	1026	1485	1310	567	1999	1688	1297	2557	900	653	947	2021	857	766	1062	1141
Cytophagia	11174	2936	7296	16866	5435	5874	10940	8905	9935	10113	4500	17255	9557	14103	14163	13781	4906	9062	15698	6164	9303	9360	9388
Flavobacteriia	29580	23470	20083	36601	22759	14938	27119	25676	25116	30469	32440	58876	27818	34837	55664	44237	12499	20006	42437	25545	36241	25630	32625
Saprospiria	193	37	99	650	82	92	117	136	276	311	99	254	222	138	317	218	91	94	168	112	102	131	157
Sphingobacteriia	2497	734	1345	2428	1578	1022	2558	1920	2166	1599	1070	3213	2894	3007	2750	2821	986	1841	2144	1543	1933	1983	1622
Caldisericia	52	1	5	115	6	1	0	4	33	9	1	3	25	35	0	1	1	8	4	1	0	0	1
Calditrichae	65	83	100	85	72	97	122	130	42	215	61	121	116	110	95	77	32	168	158	124	79	193	146
Chlamydiia	182	48	289	246	176	137	265	154	161	176	79	302	335	297	398	169	97	97	235	112	120	190	254
Chlorobia	1994	719	2139	2058	911	1388	1793	2044	1705	1398	1178	2355	1623	2483	2604	1965	1466	2269	2111	1852	1580	1922	1814
Anaerolineae	329	101	901	160	230	656	405	439	533	279	804	500	601	531	259	251	231	317	421	505	322	481	390
Ardenticatenia	231	60	329	122	89	427	238	172	153	123	207	451	104	159	71	171	79	78	684	206	91	270	216
Caldilineae	53	58	198	68	112	103	107	81	114	69	215	211	168	50	43	67	123	88	67	118	42	215	131
Chloroflexia	555	271	845	277	375	363	602	335	581	354	372	501	396	661	378	149	600	768	528	905	128	312	335
Dehalococcoidia	654	156	1784	215	1043	1538	576	708	564	546	665	864	631	1658	305	516	411	616	620	503	978	612	684
Thermomicrobia	142	96	702	154	122	303	254	333	278	157	457	305	211	272	176	144	212	304	488	339	135	159	302
Chrysiogenetes	200	28	132	83	70	149	108	90	95	106	257	106	145	120	158	100	24	114	172	181	50	121	60
Coprothermobacteria	12	2	58	32	3	24	28	13	7	16	0	1	13	4	62	4	4	16	7	2	4	18	1
Gloeobacteria	104	139	274	195	107	356	320	145	168	41	428	198	139	180	175	216	243	155	180	223	162	286	204
Deferribacteres	143	36	155	113	602	207	127	115	124	171	87	204	220	115	79	48	150	79	292	81	99	185	203
Deinococci	4405	1630	8793	3492	3210	6686	4760	6425	4005	3780	5777	4838	4248	5357	2650	2308	6381	5304	4124	5201	2236	4222	4237
Dictyoglomia	90	22	74	22	385	149	23	27	80	76	31	32	33	37	17	16	49	45	40	77	18	67	163
Elusimicrobia	38	686	343	2958	23	592	11	4	64	2090	73	5	63	60	260	327	115	31	43	156	10	2087	25
Endomicrobia	29	15	65	60	38	51	44	21	31	29	41	41	48	117	22	44	13	31	64	119	64	143	120
Fibrobacteria	168	63	181	662	105	193	654	3642	624	1122	264	919	1368	1133	118	73	197	348	380	130	84	403	256
Bacilli	84327	36095	465297	86501	100730	121853	147698	194160	115398	65498	287657	77174	62934	245620	47363	329739	50026	152067	409232	79833	89037	193990	187578
Clostridia	683712	599091	1460847	860630	1157074	1331087	1531439	1435038	743438	1090277	1175392	908132	756920	1343931	816912	2494023	947774	979854	1777773	977203	946438	776465	1118383
Erysipelotrichia	19732	3660	29507	5119	73902	22008	12460	10982	14820	11861	9788	11594	9001	20520	5697	9258	11365	11637	14521	10423	19700	14895	24267
Limnochordia	254	166	575	238	208	464	592	518	309	433	561	346	527	408	725	256	279	338	387	388	163	383	555
Negativicutes	125024	7145	19161	22952	37003	11882	18632	14002	37471	19409	15322	135187	17319	116004	89875	33970	18052	10858	26669	10050	7165	25699	38376
Tissierellia	1710	390	1227	562	1188	932	822	767	1452	555	864	1002	890	1433	440	599	606	467	1015	584	1234	953	880
Fusobacteriia	829	1262	3116	4536	2526	796	449	777	1976	923	451	707	842	899	8714	88706	2118	2032	10199	895	9682	600	983
Gemmatimonadetes	460	196	836	441	297	807	677	577	292	331	1081	463	441	430	284	397	906	395	246	495	349	529	404
Ignavibacteria	140	94	146	112	504	170	47	155	134	181	30	82	120	70	49	30	88	84	103	81	36	169	147
Kiritimatiellae	281	143	187	530	136	203	290	234	284	476	193	192	254	299	145	60	298	433	350	384	75	182	318
Lentisphaeria	7085	16200	4683	2259	3358	6790	13781	2291	3281	2575	51936	10448	4390	2769	218290	796549	5498	39994	64334	3025	6842	2270	2201
Nitrospira	584	226	669	242	245	619	420	717	674	218	707	323	494	742	485	804	622	507	322	342	622	645	355
Phycisphaerae	613	132	355	227	111	193	176	181	137	284	185	295	279	524	275	683	176	356	301	245	648	330	273
Planctomycetia	2317	472	1980	1580	1789	1877	2343	2362	1509	1537	1730	1441	1797	2258	1914	894	1938	2136	1122	2217	521	2311	2429
Acidithiobacillia	161	92	598	164	172	516	231	372	159	109	204	482	293	230	96	126	46	247	238	184	121	108	295
Alphaproteobacteria	38438	14453	60071	35308	23272	45167	39150	40868	28576	29807	45660	43687	37980	44280	29966	33495	34390	34841	37633	36211	27682	37896	38080
Betaproteobacteria	27570	9522	45856	31988	49145	33479	37582	28651	25886	24487	32473	32028	28580	57128	323924	27902	26085	33277	40995	29165	35886	28373	26184
Deltaproteobacteria	138572	65920	97987	95517	85515	333839	141443	122853	122274	124593	60736	127831	114357	156566	190178	144361	85375	159330	142565	101273	306859	108158	140360
Epsilonproteobacteria	35672	23155	16945	8882	26827	19812	9944	9399	11620	12351	10981	17808	15283	15262	21196	60326	21467	13617	46135	30430	24435	13937	26590
Gammaproteobacteria	304415	141622	568895	164410	303207	510835	134538	52556	81641	47275	280644	58334	136959	148312	942687	4219142	105181	289855	787287	56666	292977	231899	46787
Hydrogenophilalia	531	10	102	109	87	223	54	87	81	76	22	134	97	41	31	20	25	64	31	53	32	36	43
Oligoflexia	745	77	419	123	153	163	121	196	191	410	179	396	370	329	360	559	123	357	485	141	460	166	183
Zetaproteobacteria	129	127	92	97	82	131	154	129	68	121	141	71	118	174	78	61	25	61	107	66	49	215	66
Spirochaetia	18139	36180	15467	10197	8878	15935	4763	11453	27974	21061	3508	7491	408318	13869	7018	5850	16218	9050	10591	38900	4314	17877	5736
Synergistia	107355	23013	34101	33180	18708	14418	67707	33733	133860	49805	153639	32134	17943	58906	52863	126984	48628	28608	88622	396329	530179	37929	63669
Mollicutes	3628	891	3957	604	2008	2878	2343	2798	1749	2133	942	2367	1907	2482	1749	703	2023	2799	2948	2434	741	2181	2214
Thermodesulfobacteria	32	91	15	16	18	25	12	6	229	16	7	8	33	45	20	3	17	16	31	74	29	15	27
Thermotogae	982	164	709	287	519	760	404	490	515	320	326	948	536	618	432	1044	313	543	608	532	570	318	433
Methylacidiphilae	3	7	5	7	1	7	7	27	6	10	12	40	24	10	32	6	47	5	6	10	6	20	10
Opitutae	1492	542	1616	1703	613	1628	1595	1747	1418	1355	1420	1489	1316	1417	961	917	654	1220	1296	1055	672	1189	1527
Spartobacteria	41	0	30	14	8	17	3	2	4	8	12	4	7	5	0	5	7	8	2	43	3	6	3
Verrucomicrobiae	448	1205	1274	1071	3564	1299	1002	1068	1112	828	442597	1379	1473	672	628	492	438	847	2051	1053	76730	911	924
