Taxonomy	GXH_2074	GXH_3303	GXH_3593	GXH_2631	GXH_2742	GXH_4036	GXH_1390	GXH_3170	GXH_1860	GXH_2301	GXH_1634	GXH_1635	GXH_2741	GXH_1176	GXH_3392	GXH_3174	GXH_2520	GXH_3171	GXH_913	GXH_3806	GXH_695	GXH_3384	GXH_1389
Methanobrevibacter	2.30178	1.61821	7.90722	0.90987	3.65885	1.43755	1.24026	0.08542	7.46655	5.77614	8.81334	5.66065	5.09252	4.45976	1.06134	0.55451	0.10319	8.03736	2.29577	3.37242	0.4518	0.08793	1.61479
Actinomyces	0	0	0	0	0	0	0.30715	0.01704	0.02871	0	0	0	0.53564	0.26669	0.02222	0	0	0.05801	0	0.01712	0.00636	0	0.02556
Bifidobacterium	0.19377	0	0.38341	0.07441	0	0.11973	1.30868	0	0	0	0	0	0	0	0	0.0148	0.71257	0	0	0	0	0	0
Corynebacterium	0	0	0	0	0	0	0.01103	0	0	0	0	0	0	0.01469	0	0	0	0	0	0	0	0	0
Lawsonella	0	0	0	0	0	0	0	0	0	0	0	0	0	0	0	0	0	0	0	0	0	0	0
Dietzia	0	0	0	0	0	0	0	0	0	0	0	0	0	0	0	0	0	0	0	0	0	0	0
Rhodococcus	0	0	0	0	0	0	0	0	0	0	0	0	0	0	0	0	0	0	0	0	0	0	0
Brevibacterium	0	0	0	0	0	0	0	0	0	0	0	0	0	0	0	0	0	0	0	0	0	0	0
Brachybacterium	0	0	0	0	0	0	0	0	0	0	0	0	0	0	0	0	0	0	0	0	0	0	0
Enteractinococcus	0	0	0	0	0	0	0	0	0	0	0	0	0	0	0	0	0	0	0	0	0	0	0
Glutamicibacter	0	0	0	0	0	0	0	0	0	0	0	0	0	0	0	0	0	0	0	0	0	0	0
Kocuria	0	0	0	0	0	0	0	0	0	0	0	0	0	0	0	0	0	0	0	0	0	0	0
Micrococcus	0	0	0	0	0	0	0	0	0	0	0	0	0	0	0	0	0	0	0	0	0	0	0
Rothia	0	0	0	0	0	0	0.00074	0	0	0	0	0	0	0	0	0	0	0	0	0	0	0	0
Cellulosimicrobium	0	0	0	0	0	0	0	0	0	0	0	0	0	0	0	0	0	0	0	0	0	0	0
Ruaniaceae_unclassified	0	0	0	0	0	0	0	0	0	0	0	0	0	0	0	0	0	0	0	0	0	0	0
Tessaracoccus	0	0	0	0	0	0	0	0	0	0	0	0	0	0	0	0	0	0	0	0	0	0	0
Streptomyces	0	0	0	0	0	0	0	0	0	0	0	0	0	0	0	0	0	0	0	0	0	0	0
Nocardiopsis	0	0	0	0	0	0	0	0	0	0	0	0	0	0	0	0	0	0	0	0	0	0	0
Atopobium	0	0	0	0	0	0	0	0	0	0	0	0.00222	0	0	0	0	0	0	0	0	0	0	0
Olsenella	0	0	0	0.23587	0	0	0	0	0	0	0	0	0	0.01152	0	0	0.00606	0	0	0	0	0	0
Collinsella	2.12492	2.04287	0.08863	0.22429	0.9599	2.74496	2.34617	0.68245	3.41975	0.14089	1.01922	6.03353	1.33837	9.08342	1.09833	0.56475	0.03892	7.85407	5.51552	0.30347	10.18701	1.96939	8.27118
Enorma	0.00484	0	0	0	0	0	0	0	0	0	0	0	0	0.01072	0	0	0	0	0	0	0	0	0
Eggerthella	0	0	0.0666	0	0	0	0	0	0	0	0	0	0	0	0	0	0	0	0	0	0	0	0
Gordonibacter	0	0	0.00147	0	0	0	0	0	0	0	0	0	0	0	0	0	0	0	0	0	0	0	0
Slackia	0.20761	0.41363	0.24993	0	0	0	0.1083	0	0	0.05646	0.05888	0	0.00938	0	0.05025	0.06292	0	0.21762	0.01668	0	0.38552	0.01024	0
Bacteroides	1.69945	0.2834	28.84908	6.67094	32.94348	10.44359	0.4835	0.16811	6.43533	5.96802	7.16794	3.48794	0.12336	2.97896	3.45884	3.53147	14.0288	0.12478	0.11577	9.91001	0.06508	0.0249	0.11604
Barnesiella	0	0	0	0.01205	0	0	0	0	0	0	0	0	0	0	0	0	0	0	0	0	0	0	0
Butyricimonas	3.09239	1.12176	9.93004	0.87489	1.83764	3.04009	0.49865	1.73057	0.64245	0.20378	0.35535	0.77379	0.24432	2.97375	0.29221	0.63372	0.60329	0.03634	0.88205	2.65219	0.27951	0.80761	0.18864
Paludibacter	0	0	0	0	0	0	0	0	0	0	0	0	0	0	0	0	0	0	0	0	0	0	0
Petrimonas	0	0	0	0	0	0	0	0	0	0	0	0	0	0	0	0	0	0	0	0	0	0	0
Porphyromonas	0	0	0	0	0	0	0	0	0	0	0	0	0	0	0	0	0	0	0	0.26228	0	0	0.00123
Sanguibacteroides	0.41926	0.13132	0.07045	0.21966	0.21045	0.96523	0.0845	0.09362	0.40277	0.06006	0.12692	0.1824	0.3015	0.18908	0.11891	0.03791	0.71004	0.22917	0.05693	0.20714	0.08238	0.04398	0.05965
Prevotella	0.77078	1.65086	4.4185	63.95862	3.41695	13.45404	20.21484	67.61166	1.50235	17.66578	10.51227	56.20875	9.1677	3.03762	0.01738	6.67423	1.21166	8.85431	18.53105	3.25174	15.48941	63.7338	48.28025
Alistipes	7.39022	8.12153	8.09704	2.15847	24.43299	10.21544	7.76166	0.88366	2.20089	1.94513	1.04711	2.92986	4.03396	1.65056	2.92903	0.41702	4.73313	2.06286	0.01429	12.66841	4.21866	0.57217	0.69282
Parabacteroides	6.47818	12.07692	2.57646	4.5259	1.97539	2.92753	0.81679	0.10971	12.87359	15.77867	7.21708	5.28891	2.77956	2.18555	10.89197	8.46461	39.58743	5.10619	4.89705	21.46647	0.75624	0.21577	0.46884
Chryseobacterium	0	0	0	0	0	0	0	0	0	0	0	0	0	0	0	0	0	0	0	0	0	0	0
Myroides	0	0	0	0	0	0	0	0	0	0	0	0	0	0	0	0	0	0	0	0	0	0	0
Sphingobacterium	0	0	0	0	0	0	0	0	0	0	0	0	0	0	0	0	0	0	0	0	0	0	0
Chlamydia	0	0	0	0	0	0	0	0	0	0	0	0	0	0	0	0	0	0	0	0	0	0	0
Fibrobacter	0	0.00888	0	0	0	0	0.02948	0	0.0014	0.08674	0.00689	0.00234	0	0	0	0	0	0	0.07602	0	0.00439	0	0
Gemella	0	0	0	0	0	0	0	0	0	0	0	0	0	0	0	0	0	0	0	0	0	0	0
Caryophanon	0	0	0	0	0	0	0	0	0	0	0	0	0	0	0	0	0	0	0	0	0	0	0
Jeotgalicoccus	0	0	0	0	0	0	0	0	0	0	0	0	0	0	0	0	0	0	0	0	0	0	0
Salinicoccus	0	0	0	0	0	0	0	0	0	0	0	0	0	0	0	0	0	0	0	0	0	0	0
Staphylococcus	0	0	0	0	0	0	0	0	0	0	0	0	0	0	0	0	0	0	0	0	0	0	0
Aerococcaceae_unclassified	0	0	0	0	0	0	0	0	0	0	0	0	0	0	0	0	0	0	0	0	0	0	0
Aerococcus	0	0	0	0	0	0	0	0	0	0	0	0	0	0	0	0	0	0	0	0	0	0	0
Facklamia	0	0	0	0	0	0	0	0	0	0	0	0	0	0	0	0	0	0	0	0	0	0	0
Globicatella	0	0	0	0	0	0	0	0	0	0	0	0	0	0	0	0	0	0	0	0	0	0	0
Jeotgalibaca	0	0	0	0	0	0	0	0	0	0	0	0	0	0	0	0	0	0	0	0	0	0	0
Bavariicoccus	0	0	0	0	0	0	0	0	0	0	0	0	0	0	0	0	0	0	0	0	0	0	0
Enterococcus	0	0	0.04915	0	0	0.43532	0	0	0	0	0.00757	0.15886	0	0.17652	0.0115	0	0	0.78026	0	0	0	0	0
Lactobacillus	11.45061	5.58468	1.03775	0.18291	0.331	2.70998	2.46787	1.70609	0.24754	2.31342	1.84644	0.02977	1.24553	2.52788	0.34639	0.43851	2.28468	0.12145	0.0883	0.86356	4.0773	0.43062	2.1379
Pediococcus	0	0	0	0	0	0	0	0	0	0.29726	0.02015	0	0	0	0	0	0	0	0	0	0	0	0
Sharpea	0.0561	0.07452	0	0.00163	0	0	0.13328	0	0	0	0	0	0	0.16278	0.34572	0	0.1312	0.01003	0	0.00699	0	0	0.00528
Weissella	0	0	0	0	0	0	0.01228	0	0	0.09943	0.01655	0	0	0	0	0	0	0	0	0	0	0	0
Streptococcus	0.02639	0	0	0	0.00262	0	0	0.02352	0	0.00277	0	0	0	2.86788	0	0	0.00309	0	0.00478	0	0	0	0
Catabacter	0	0.02211	0.32498	0.01805	0.00934	0	0	0	0	0.1804	0	0.04763	0.81097	0	0.23286	0.14545	0	0	0	0	0	0	0.09246
Christensenella	0.02898	0.46409	0.74877	0.08262	0.15218	0.03154	0.08613	0.02954	0.11592	0.0583	0.03132	0.0743	0.19002	0.03478	0.12956	0.92589	0.33131	0.02975	0	0.27907	0	0.1208	0.24413
Butyricicoccus	0.00681	0	0	0	0	0	0.00795	0	0	0	0	0	0	0	0	0	0	0	0	0	0	0	0
Clostridium	0.09919	0.04804	0	0.00398	0	0	1.86235	0	0.03613	0.01341	2.11417	0.16279	0.12206	7.29634	0	8.54048	0	0.51154	6.6574	0	0.00899	1.81619	0.58613
Hungatella	0.00972	0.01924	0.00605	0.01959	0	0	0	0.0216	0	0	0	0	0	0	0.96356	0	0.00217	0	0	0	0	0	0
Proteiniclasticum	0	0	0	0	0	0	0	0	0	0	0	0	0	0	0	0	0	0	0	0	0	0	0
Intestinimonas	4.82666	2.65302	2.40222	0.76331	0.94037	1.99084	2.33654	4.39296	5.90502	4.32875	9.49948	1.14534	5.54375	6.06015	0.44237	10.96054	0.90326	1.9359	3.45134	7.5099	2.29761	3.41444	1.63866
Eubacterium	0.25516	0.83018	0.25223	0.07833	0.24395	0.27253	0.16151	0.38885	0.0178	0.15878	0.34532	0	0.12374	0.07722	0.83875	0.26639	0.09985	0.53329	0.12504	0	0.29113	0.00851	0.09767
Anaerostipes	0	0	0	0	0	0	0	0	0	0	0	0	0	0	0	0	0	0	0	0	0	0	0
Anaerotignum	0.00771	0	0.00661	0	0	0	0	0	0.08244	0	0.00917	0	0	0	0	0	0	0.5846	0	0	0	0	0
Blautia	0.05816	0.18317	0	0.03384	0.85498	0.12883	0.18779	0.00324	0	0.7701	1.18187	0.01004	0	0.05674	0	0	0.02573	0.31347	0.14508	0.09608	0.10348	0.01606	0.22678
Coprococcus	0	0	0	0	0	0	0	0	0	0	0	0	0	0	0	0	0	0	0	0	0	0	0
Dorea	0	0	0	0	0	0	0	0.00881	0	0	0	0	0	0	0	0	0	0	0	0	0	0	0
Eisenbergiella	1.32205	1.58177	0.63402	0.70879	0.44792	0.19873	1.36159	0.0387	0.56325	1.81473	1.85539	0.86796	0.78803	0.31583	0.12003	1.281	3.15113	1.36388	0.27964	0.57216	0.53566	1.24798	0.51977
Faecalicatena	0	0	0	0	0	0	0	0	0	0	0	0	0	0	0	0	0	0	0	0	0	0	0
Fusicatenibacter	0	0	0	0	0	0	0	0	0	0	0	0	0	0	0	0	0	0	0	0	0	0	0
Lachnoclostridium	14.73074	11.27699	6.54755	2.64708	6.17112	12.12897	6.06246	7.36458	4.01851	9.89596	12.10622	3.53951	20.61198	6.43982	7.67274	4.93501	7.87414	1.45761	10.76244	4.1036	2.94279	4.94921	4.61237
Roseburia	0.40596	0	0	0	0.0129	0.67613	2.67969	0.02775	0	0.00363	0.01555	1.34854	0	0	0	0	0.00939	0	0	0	2.56724	0	0.22994
Oscillibacter	0.31697	0.18127	0.11927	0.89356	0.54411	0.50386	0.16651	0.33921	9.66033	1.29466	0.59435	0.70767	2.40688	0.84461	0.05378	0.26935	1.8364	1.1012	9.43539	0.43881	2.19955	0	0.0078
Peptostreptococcus	0	0	0.22843	0	0	0	0	0	0	0	0	0	0	0	0	0	0	0	0	0	0	0	0
Romboutsia	0	0	0	0	0	0	0	0	0	0	0	0	0	0	0	0	0	0	0	0	0	0	0
Anaeromassilibacillus	4.69988	12.07103	1.90091	0.50057	1.76363	0.32685	5.22833	0.51989	20.18564	8.90509	3.58258	1.03526	17.74843	19.33252	61.70403	17.52967	1.20581	21.60491	1.26005	8.64147	8.81423	3.42432	15.05688
Anaerotruncus	1.13931	0.0194	0.02074	0.48597	0.13678	0	0	2.64971	0.07362	0.80583	0	0.03218	0.03493	0	0	0.02349	0	0.02425	0	0.01535	0	0	0.48615
Faecalibacterium	0.06885	0.11128	0	0	0	0.0023	0.00369	0.00458	0	0	0	0	0	0	0	0	0	0.03884	0	0	0.06416	0.22623	0.01852
Flavonifractor	0.03455	0	0.01719	0	0	0	0	0	0	0	0	0.00202	0	0	0	0	0	0	0	0	0	0.07845	0
Gemmiger	0	0	0	0	0	0	0	0	0	0	0	0	0	0	0	0	0	0	0	0	0	0	0
Harryflintia	0	0	0	0	0	0	0	0	0	0	0	0	0	0	0	0	0	0	0	0	0	0	0
Pseudoflavonifractor	0.01949	0.02824	0	0	0	0	0.09371	0	0	0	0.02379	0	0.07402	0	0	0	0	0	0	0	0	0	0
Ruminococcaceae_unclassified	6.45748	10.97907	2.13905	0.01235	3.09237	3.64732	5.80318	2.75329	8.09577	2.23234	12.8306	4.87632	6.37033	11.76019	0.70736	8.79461	1.21442	3.71889	2.73292	4.22255	3.13108	4.84898	2.37953
Ruminococcus	0	0	0	0	0	0	0	0	0.6777	0.00658	0	0.01077	0.06393	0	0.00589	0.01445	0	0.02946	0.00951	0	0.63843	0.31497	1.51201
Ruthenibacterium	1.77405	1.4006	0.41931	0.0451	1.3832	0.39523	4.84998	0.38529	0.55201	0.42323	1.79396	0.07616	1.48751	0.48769	1.6241	4.40515	3.44522	0.25038	2.48264	0.13276	1.90549	0.12042	0.11232
Catenibacterium	0.39122	0.62623	0	0	0.06861	0.01022	0	0	0.24481	0	0	0	0	0	0	0	0	0	0	0	0.08505	0	0.1626
Erysipelatoclostridium	0	0	0.1667	0	0	0	0	0	0	0	0	0.01686	0	0	0	0	0.00647	0	0	0	0	0	0
Erysipelothrix	0.01457	0	0	0	0	0	0	0	0	0	0	0	0	0	0	0	0	0	0	0	0	0	0
Faecalicoccus	0.08857	0.04516	0.01771	0.5299	0	0	0.02585	0	0	0	0.04027	0	0	0.10445	0.071	0	0	0.14723	0	0	0	0	0
Holdemanella	0.01001	0	0	0	0	0.00248	0	0	0.00098	0	0.00269	0	0	0	0	0	0	0.01768	0	0	0	0	0.00101
Holdemania	0	0	0	0	0	0	0	0	0	0	0	0	0	0.0094	0	0	0	0	0	0	0	0	0
Turicibacter	0	0	0	0	0	0	0.01381	0	0	0	0	0	0	0	0	0	0	0	0.00352	0	0	0	0
Firmicutes_unclassified	5.37253	0.0033	0.01498	0	0	0	0	0.01367	0.28763	0	0	0	0.18632	0	0	0	0	0	0.16964	0	0.11405	0	0
Acidaminococcus	0.00787	0	0	0.64851	0	0.41507	0.11406	0.05353	0	0	0	0	0	0	0.26274	0	0	1.04312	0	0	0	0	0.19849
Phascolarctobacterium	0.89198	6.51037	1.59563	1.90543	6.5047	0.70089	6.8206	1.70689	0.58898	8.10721	5.54921	0.96233	2.56981	4.61474	0.23612	1.09554	2.61924	13.34354	12.66064	3.54917	27.27712	5.25403	5.91141
Mitsuokella	0	0	0	0.00939	0	0	0	0	0	0	0	0	0.0025	0	0	0	0	0.08249	0	0	0	0.01019	0
