Taxonomy	GXH_3171	GXH_2742	GXH_1176	GXH_3170	GXH_3392	GXH_3174	GXH_1634	GXH_2301	GXH_2741	GXH_3384	GXH_2520	GXH_1635	GXH_913	GXH_1390	GXH_2631	GXH_4036	GXH_1860	GXH_3303	GXH_2074	GXH_3806	GXH_3593	GXH_695	GXH_1389
Acidilobaceae	1	0	17	3	2	3	1	4	0	0	4	1	4	9	0	0	1	3	59	2	0	2	0
Caldisphaeraceae	1	0	0	0	10	1	0	1	2	1	1	0	1	0	0	1	5	0	2	1	0	1	3
Desulfurococcaceae	3	8	3	13	9	7	2	4	4	9	2	1	9	2	11	4	6	3	14	0	2	1	7
Pyrodictiaceae	2	0	11	2	16	12	7	13	11	6	24	8	12	2	0	4	1	3	0	4	3	7	3
Sulfolobaceae	3	4	13	4	9	21	13	25	5	11	7	16	32	4	3	4	9	10	9	3	12	17	64
Thermofilaceae	0	2	1	4	0	1	6	2	15	0	9	2	2	3	3	1	4	1	0	1	6	6	0
Thermoproteaceae	20	18	16	13	6	89	13	93	48	39	7	18	41	47	48	15	5	61	5	114	37	27	85
Archaeoglobaceae	42	13	173	79	31	54	39	52	86	167	66	46	271	75	70	32	46	96	223	46	44	79	94
Haloarculaceae	144	44	65	230	48	156	89	56	100	153	116	73	138	195	79	72	47	72	76	90	86	133	144
Halobacteriaceae	16	44	149	108	17	58	57	21	29	17	90	84	73	40	50	47	16	43	44	68	45	49	55
Haloferacaceae	67	14	102	670	33	31	149	128	96	126	108	96	119	66	54	13	15	29	38	54	22	158	56
Halorubraceae	23	29	113	34	20	120	14	105	11	40	67	40	41	14	15	17	21	73	19	19	19	36	46
Natrialbaceae	169	38	238	138	62	260	173	138	57	102	229	99	120	85	68	131	153	158	120	141	85	156	142
Methanobacteriaceae	178740	86542	194963	2930	61578	16774	244919	186501	59212	3805	7704	385208	58117	76289	80786	130983	108443	30154	64861	106342	300789	14870	77136
Methanothermaceae	0	0	0	0	0	0	0	2	0	1	0	3	1	0	3	0	0	0	1	1	0	1	0
Methanocaldococcaceae	3	3	5	10	5	3	3	4	8	3	6	5	8	1	6	9	15	3	2	1	25	6	5
Methanococcaceae	97	35	99	74	55	83	71	118	83	225	34	51	102	78	39	19	46	86	70	165	23	116	178
Methanocellaceae	42	53	155	48	62	16	103	26	7	17	245	72	80	12	28	71	122	33	15	87	35	107	94
Methanocorpusculaceae	23	6	50	7	36	5	18	22	10	36	11	7	29	17	30	21	2	15	10	38	45	7	10
Methanomicrobiaceae	40	18	210	66	100	97	58	60	57	75	117	126	85	80	32	28	38	37	40	73	26	156	71
Methanoregulaceae	18	20	45	59	33	69	33	35	17	39	51	14	29	40	69	21	20	16	18	19	44	21	15
Methanospirillaceae	2	1	39	2	12	20	9	79	17	4	12	21	4	13	12	1	5	15	6	7	6	5	4
Methanosaetaceae	11	41	72	10	17	35	57	39	21	27	43	51	43	15	39	37	7	40	32	24	43	35	51
Methanosarcinaceae	199	87	394	186	657	266	232	313	1511	372	326	267	410	345	190	140	200	195	254	222	164	331	300
Methanopyraceae	0	1	0	1	0	3	0	0	0	1	1	0	1	3	0	0	0	1	0	2	0	9	0
Thermococcaceae	1062	154	498	387	225	203	629	421	469	379	267	581	334	834	370	971	302	423	503	331	794	413	469
Methanomassiliicoccaceae	102372	30545	14986	23524	215436	94829	84425	58047	288242	9514	907	49833	41615	208107	30996	146395	35544	201314	198775	2621	1007	19412	1243
Cuniculiplasmataceae	4	0	16	0	6	8	11	3	9	9	5	7	8	15	26	7	6	12	11	9	4	3	6
Ferroplasmaceae	0	3	5	1	5	3	1	2	2	6	1	10	5	9	8	7	1	4	2	2	1	32	6
Picrophilaceae	0	0	2	0	3	9	1	1	3	9	4	2	13	3	0	1	0	8	2	2	0	9	2
Thermoplasmataceae	17	7	3	1	1	1	2	1	1	1	1	7	6	2	5	1	3	4	1	3	0	0	7
Candidatus Nitrosocaldaceae	0	2	0	0	1	0	0	0	0	1	0	0	0	0	0	0	0	0	0	0	2	0	0
Nitrososphaeraceae	4	2	3	28	13	7	37	13	2	12	0	10	5	0	0	7	1	1	14	2	1	18	0
Nitrosopumilaceae	2	2	3	0	16	1	0	0	0	2	5	0	11	4	7	1	10	5	12	2	1	5	1
Vicinamibacteraceae	163	41	237	97	167	268	142	172	86	51	206	219	134	137	124	91	83	54	191	110	100	193	98
Acidobacteriaceae	1118	461	1692	1688	630	1709	766	1279	1100	1239	1478	969	1041	2073	1071	1542	1378	1126	1072	692	1626	1510	1391
Solibacteraceae	146	72	344	186	208	123	479	362	128	351	361	168	405	489	68	170	392	126	141	98	51	294	334
Acidimicrobiaceae	66	27	36	86	54	35	130	47	27	29	259	56	164	80	23	66	442	35	25	84	39	216	30
Acidothermaceae	19	6	42	17	15	2	57	8	59	45	92	17	56	41	6	4	24	21	53	29	12	19	11
Actinomycetaceae	8948	1900	23774	3595	5027	5931	7669	5345	11585	5100	5160	7325	5231	27209	2488	2987	6240	5305	4425	7829	5482	5274	6497
Actinopolysporaceae	46	2	43	22	15	34	9	58	43	27	44	41	37	15	30	32	72	30	28	22	41	65	23
Bifidobacteriaceae	4844	2495	15950	3826	7925	8678	7686	6817	6345	6823	20152	7491	10063	77258	14854	13987	7572	5116	13811	7151	23101	8205	7802
Candidatus Nanopelagicaceae	34	10	147	27	66	109	45	72	174	64	151	79	102	180	65	55	54	42	93	46	44	167	127
Catenulisporaceae	19	67	323	105	60	346	119	174	61	35	153	135	43	47	46	80	12	129	54	122	42	58	113
Corynebacteriaceae	4790	1880	10578	4835	3572	7992	5350	6360	4683	4141	7648	5211	4918	10037	3188	2433	4411	4949	4741	6249	3297	4866	4689
Dietziaceae	120	46	302	161	201	271	294	279	83	124	145	170	212	251	80	126	232	171	272	318	57	205	142
Gordoniaceae	262	87	486	283	220	461	296	339	172	328	592	248	483	263	204	160	625	217	371	330	250	374	308
Mycobacteriaceae	1498	699	2829	1707	797	2239	2347	1793	1338	1513	2668	2060	1724	2025	800	664	1254	1383	2518	1861	1099	1478	1742
Nocardiaceae	1505	516	2496	1470	829	1570	1409	1634	1145	1349	1754	1720	1899	1530	1370	768	1581	1320	1627	1643	834	1221	1615
Segniliparaceae	44	10	20	49	4	8	35	6	21	6	73	16	19	23	11	21	6	2	28	27	2	27	36
Tsukamurellaceae	80	34	137	68	45	75	96	49	108	59	320	29	89	90	498	98	196	36	50	61	87	151	190
Frankiaceae	514	238	728	428	214	543	558	645	455	455	1368	448	759	391	302	438	1542	522	406	464	502	928	547
Geodermatophilaceae	114	100	458	233	149	491	334	423	151	325	338	680	418	164	108	166	249	213	230	244	99	270	348
Glycomycetaceae	64	37	225	63	121	283	76	261	203	67	109	85	93	148	65	21	31	100	45	149	88	60	111
Jiangellaceae	76	53	387	91	173	324	168	108	102	38	613	269	178	182	43	80	376	105	94	211	100	191	159
Kineosporiaceae	46	17	117	20	74	18	32	13	13	22	59	45	38	59	13	2	11	17	32	118	17	20	24
Beutenbergiaceae	80	71	184	119	26	33	165	67	96	51	207	264	97	92	58	80	11	50	56	104	92	112	76
Brevibacteriaceae	187	151	383	400	251	259	342	340	160	382	405	530	246	223	184	198	59	273	352	177	219	252	410
Cellulomonadaceae	160	160	386	242	149	233	327	121	125	147	255	167	159	214	122	100	74	122	251	197	549	242	197
Dermabacteraceae	933	240	1238	533	328	1056	381	663	605	455	1015	445	776	906	514	913	635	868	662	713	1091	677	609
Dermacoccaceae	242	55	164	154	95	276	198	75	76	95	128	136	141	161	60	63	73	67	82	78	245	108	90
Dermatophilaceae	166	13	73	183	53	97	72	51	62	65	42	481	76	41	29	16	20	45	79	57	43	70	41
Intrasporangiaceae	178	100	501	367	126	137	275	148	132	105	368	241	206	307	105	198	256	239	271	204	229	247	231
Jonesiaceae	25	2	2	18	30	36	3	9	15	22	6	3	34	27	8	5	5	18	18	3	6	13	3
Microbacteriaceae	2386	1140	4005	1840	1555	3077	3177	2589	1844	1689	3392	3134	2280	2467	1633	1566	1917	1766	2455	2625	1908	2433	2556
Micrococcaceae	2925	900	3996	2246	1470	3677	2141	2281	1719	1712	3406	2638	2306	3941	1726	2673	2025	2433	1746	2674	2555	2832	2853
Promicromonosporaceae	163	74	554	381	128	584	201	333	176	222	335	376	326	201	92	85	186	241	232	311	422	212	379
Sanguibacteraceae	15	1	110	12	37	16	5	3	20	31	14	18	60	21	20	43	8	18	23	62	41	37	16
Micromonosporaceae	810	710	1907	1651	752	1886	1695	1234	758	820	2619	1767	1858	1216	592	913	1788	656	1251	1590	747	1615	1609
Nakamurellaceae	24	11	122	220	61	86	97	120	87	111	77	124	67	182	28	27	39	50	290	41	38	97	78
Nocardioidaceae	774	461	1760	762	533	1398	1182	922	514	657	2062	1142	1188	879	644	520	1521	640	1350	1399	613	1125	1040
Propionibacteriaceae	1215	766	3284	2161	1236	2101	2402	2066	1336	1857	2248	2483	1852	2320	1469	1225	1713	1274	1453	1603	1225	1950	2387
Pseudonocardiaceae	1781	860	3306	1729	1141	2626	2189	2301	1324	1570	2603	2209	2036	1722	1751	1647	1449	1732	1624	2056	1538	1726	2206
Streptomycetaceae	7463	2691	10644	5629	3444	8507	7808	6789	4730	5109	9177	8218	6291	7725	4579	5598	7820	6413	6706	7292	5252	6420	6699
Nocardiopsaceae	438	122	562	409	172	364	584	328	208	523	448	692	242	445	207	532	335	145	481	281	188	212	597
Streptosporangiaceae	444	133	483	285	138	476	164	171	151	302	542	268	198	473	156	106	130	333	464	315	500	236	238
Thermomonosporaceae	108	119	542	81	79	480	197	345	80	22	224	258	126	165	69	131	66	254	74	307	126	271	248
Atopobiaceae	9453	3068	19898	5352	4110	8863	7505	6872	6923	5458	13795	11921	11767	8343	105322	5827	7561	6956	11669	7023	4137	11169	12009
Coriobacteriaceae	96362	16057	124277	9235	33679	10005	22848	5738	12546	33366	4475	155011	77071	54717	13541	81558	36658	19760	34040	7014	3737	137222	208366
Eggerthellaceae	9568	5035	17835	6423	12004	13711	10148	10793	8923	7677	12973	13558	10128	12376	6883	7954	12263	12347	10499	10343	13289	11254	12371
Euzebyaceae	43	39	262	63	194	192	114	142	66	28	328	150	192	144	55	145	322	81	352	192	56	170	97
Rubrobacteraceae	790	165	322	427	127	271	316	212	138	339	553	501	272	284	205	165	454	166	219	324	179	323	354
Conexibacteraceae	102	55	250	92	80	267	177	154	79	40	500	164	187	113	74	90	368	71	95	252	50	196	165
Aquificaceae	29	15	99	20	27	34	12	16	22	51	78	19	49	29	5	13	8	16	94	59	115	41	19
Hydrogenothermaceae	8	3	6	15	98	20	76	57	23	52	13	13	120	13	5	4	53	52	17	7	3	43	4
Desulfurobacteriaceae	558	18	56	49	86	91	149	184	232	41	17	112	42	610	222	300	103	335	45	46	269	34	50
Chthonomonadaceae	70	7	157	104	112	132	45	81	146	60	147	162	79	106	125	85	59	43	285	82	19	41	85
Fimbriimonadaceae	27	19	143	18	28	38	75	69	55	20	173	131	34	86	10	21	46	18	19	28	27	66	93
Bacteroidaceae	60572	1972800	116860	128536	439186	140399	567896	206028	54252	74695	1725458	277007	70588	128790	1229375	1838175	152452	47189	171141	1668563	2379002	57648	78136
Barnesiellaceae	2378	5144	3774	7720	3315	4687	6163	10194	3082	4448	5884	10022	6047	4235	10200	7672	4103	3502	10628	5710	6454	3869	3565
Dysgonamonadaceae	223	217	517	1047	383	434	799	797	152	401	323	933	480	480	1028	484	145	174	911	163	338	708	412
Muribaculaceae	7040	2182	6838	16529	2696	2053	7128	2314	3545	5474	2018	7530	4741	10184	27268	12795	1979	5556	13797	3483	7129	8154	8993
Odoribacteraceae	3718	3395	3572	14636	7705	8823	6495	10310	5179	15667	17526	27122	7274	8964	20718	12760	5387	3843	7498	7024	9395	3380	14077
Paludibacteraceae	1004	426	665	943	769	682	1656	773	375	671	576	763	2347	1383	1212	650	602	568	911	796	386	942	733
Porphyromonadaceae	5789	1841	3111	22162	1985	3504	5277	8194	3564	11482	2735	14440	8401	9844	9310	9160	1790	3296	6118	35505	11667	4488	9028
Prevotellaceae	52043	9564	19963	296911	17555	25749	70344	83116	14585	175601	7711	288123	77593	117600	46654	55621	8867	17163	62543	16365	27938	69100	112858
Rikenellaceae	74449	993843	83493	53677	386214	479668	264220	234828	153347	36476	259326	437637	9166	504534	1188892	928808	93660	374405	787981	412829	681865	141948	50492
Tannerellaceae	144446	29678	46498	12696	957631	57401	323078	133946	8574	15044	3343383	302573	16033	27593	587004	371178	355045	278505	319762	889988	56917	8068	26059
Marinifilaceae	70	143	41	191	40	99	83	177	43	161	35	255	130	99	124	129	77	45	95	83	123	78	99
Marinilabiliaceae	141	80	94	145	247	120	337	145	157	180	167	579	231	183	598	160	109	225	660	205	99	219	131
