Taxonomy	GXH_3171	GXH_2742	GXH_1176	GXH_3170	GXH_3392	GXH_3174	GXH_1634	GXH_2301	GXH_2741	GXH_3384	GXH_2520	GXH_1635	GXH_913	GXH_1390	GXH_2631	GXH_4036	GXH_1860	GXH_3303	GXH_2074	GXH_3806	GXH_3593	GXH_695	GXH_1389
Acidilobaceae	1	0	17	3	2	3	1	4	0	0	4	1	4	9	0	0	1	3	59	2	0	2	0
Caldisphaeraceae	1	0	0	0	10	1	0	1	2	1	1	0	1	0	0	1	5	0	2	1	0	1	3
Desulfurococcaceae	3	8	3	13	9	7	2	4	4	9	2	1	9	2	11	4	6	3	14	0	2	1	7
Pyrodictiaceae	2	0	11	2	16	12	7	13	11	6	24	8	12	2	0	4	1	3	0	4	3	7	3
Sulfolobaceae	3	4	13	4	9	21	13	25	5	11	7	16	32	4	3	4	9	10	9	3	12	17	64
Thermofilaceae	0	2	1	4	0	1	6	2	15	0	9	2	2	3	3	1	4	1	0	1	6	6	0
Thermoproteaceae	20	18	16	13	6	89	13	93	48	39	7	18	41	47	48	15	5	61	5	114	37	27	85
Archaeoglobaceae	42	13	173	79	31	54	39	52	86	167	66	46	271	75	70	32	46	96	223	46	44	79	94
Haloarculaceae	144	44	65	230	48	156	89	56	100	153	116	73	138	195	79	72	47	72	76	90	86	133	144
Halobacteriaceae	16	44	149	108	17	58	57	21	29	17	90	84	73	40	50	47	16	43	44	68	45	49	55
Haloferacaceae	67	14	102	670	33	31	149	128	96	126	108	96	119	66	54	13	15	29	38	54	22	158	56
Halorubraceae	23	29	113	34	20	120	14	105	11	40	67	40	41	14	15	17	21	73	19	19	19	36	46
Natrialbaceae	169	38	238	138	62	260	173	138	57	102	229	99	120	85	68	131	153	158	120	141	85	156	142
Methanobacteriaceae	178740	86542	194963	2930	61578	16774	244919	186501	59212	3805	7704	385208	58117	76289	80786	130983	108443	30154	64861	106342	300789	14870	77136
Methanothermaceae	0	0	0	0	0	0	0	2	0	1	0	3	1	0	3	0	0	0	1	1	0	1	0
Methanocaldococcaceae	3	3	5	10	5	3	3	4	8	3	6	5	8	1	6	9	15	3	2	1	25	6	5
Methanococcaceae	97	35	99	74	55	83	71	118	83	225	34	51	102	78	39	19	46	86	70	165	23	116	178
Methanocellaceae	42	53	155	48	62	16	103	26	7	17	245	72	80	12	28	71	122	33	15	87	35	107	94
Methanocorpusculaceae	23	6	50	7	36	5	18	22	10	36	11	7	29	17	30	21	2	15	10	38	45	7	10
Methanomicrobiaceae	40	18	210	66	100	97	58	60	57	75	117	126	85	80	32	28	38	37	40	73	26	156	71
Methanoregulaceae	18	20	45	59	33	69	33	35	17	39	51	14	29	40	69	21	20	16	18	19	44	21	15
Methanospirillaceae	2	1	39	2	12	20	9	79	17	4	12	21	4	13	12	1	5	15	6	7	6	5	4
Methanosaetaceae	11	41	72	10	17	35	57	39	21	27	43	51	43	15	39	37	7	40	32	24	43	35	51
Methanosarcinaceae	199	87	394	186	657	266	232	313	1511	372	326	267	410	345	190	140	200	195	254	222	164	331	300
Methanopyraceae	0	1	0	1	0	3	0	0	0	1	1	0	1	3	0	0	0	1	0	2	0	9	0
Thermococcaceae	1062	154	498	387	225	203	629	421	469	379	267	581	334	834	370	971	302	423	503	331	794	413	469
Methanomassiliicoccaceae	102372	30545	14986	23524	215436	94829	84425	58047	288242	9514	907	49833	41615	208107	30996	146395	35544	201314	198775	2621	1007	19412	1243
Cuniculiplasmataceae	4	0	16	0	6	8	11	3	9	9	5	7	8	15	26	7	6	12	11	9	4	3	6
Ferroplasmaceae	0	3	5	1	5	3	1	2	2	6	1	10	5	9	8	7	1	4	2	2	1	32	6
Picrophilaceae	0	0	2	0	3	9	1	1	3	9	4	2	13	3	0	1	0	8	2	2	0	9	2
Thermoplasmataceae	17	7	3	1	1	1	2	1	1	1	1	7	6	2	5	1	3	4	1	3	0	0	7
Candidatus Nitrosocaldaceae	0	2	0	0	1	0	0	0	0	1	0	0	0	0	0	0	0	0	0	0	2	0	0
Nitrososphaeraceae	4	2	3	28	13	7	37	13	2	12	0	10	5	0	0	7	1	1	14	2	1	18	0
Nitrosopumilaceae	2	2	3	0	16	1	0	0	0	2	5	0	11	4	7	1	10	5	12	2	1	5	1
Vicinamibacteraceae	163	41	237	97	167	268	142	172	86	51	206	219	134	137	124	91	83	54	191	110	100	193	98
Acidobacteriaceae	1118	461	1692	1688	630	1709	766	1279	1100	1239	1478	969	1041	2073	1071	1542	1378	1126	1072	692	1626	1510	1391
Solibacteraceae	146	72	344	186	208	123	479	362	128	351	361	168	405	489	68	170	392	126	141	98	51	294	334
Acidimicrobiaceae	66	27	36	86	54	35	130	47	27	29	259	56	164	80	23	66	442	35	25	84	39	216	30
Acidothermaceae	19	6	42	17	15	2	57	8	59	45	92	17	56	41	6	4	24	21	53	29	12	19	11
Actinomycetaceae	8948	1900	23774	3595	5027	5931	7669	5345	11585	5100	5160	7325	5231	27209	2488	2987	6240	5305	4425	7829	5482	5274	6497
Actinopolysporaceae	46	2	43	22	15	34	9	58	43	27	44	41	37	15	30	32	72	30	28	22	41	65	23
Bifidobacteriaceae	4844	2495	15950	3826	7925	8678	7686	6817	6345	6823	20152	7491	10063	77258	14854	13987	7572	5116	13811	7151	23101	8205	7802
Candidatus Nanopelagicaceae	34	10	147	27	66	109	45	72	174	64	151	79	102	180	65	55	54	42	93	46	44	167	127
Catenulisporaceae	19	67	323	105	60	346	119	174	61	35	153	135	43	47	46	80	12	129	54	122	42	58	113
Corynebacteriaceae	4790	1880	10578	4835	3572	7992	5350	6360	4683	4141	7648	5211	4918	10037	3188	2433	4411	4949	4741	6249	3297	4866	4689
Dietziaceae	120	46	302	161	201	271	294	279	83	124	145	170	212	251	80	126	232	171	272	318	57	205	142
Gordoniaceae	262	87	486	283	220	461	296	339	172	328	592	248	483	263	204	160	625	217	371	330	250	374	308
Mycobacteriaceae	1498	699	2829	1707	797	2239	2347	1793	1338	1513	2668	2060	1724	2025	800	664	1254	1383	2518	1861	1099	1478	1742
Nocardiaceae	1505	516	2496	1470	829	1570	1409	1634	1145	1349	1754	1720	1899	1530	1370	768	1581	1320	1627	1643	834	1221	1615
Segniliparaceae	44	10	20	49	4	8	35	6	21	6	73	16	19	23	11	21	6	2	28	27	2	27	36
Tsukamurellaceae	80	34	137	68	45	75	96	49	108	59	320	29	89	90	498	98	196	36	50	61	87	151	190
Frankiaceae	514	238	728	428	214	543	558	645	455	455	1368	448	759	391	302	438	1542	522	406	464	502	928	547
Geodermatophilaceae	114	100	458	233	149	491	334	423	151	325	338	680	418	164	108	166	249	213	230	244	99	270	348
Glycomycetaceae	64	37	225	63	121	283	76	261	203	67	109	85	93	148	65	21	31	100	45	149	88	60	111
Jiangellaceae	76	53	387	91	173	324	168	108	102	38	613	269	178	182	43	80	376	105	94	211	100	191	159
Kineosporiaceae	46	17	117	20	74	18	32	13	13	22	59	45	38	59	13	2	11	17	32	118	17	20	24
Beutenbergiaceae	80	71	184	119	26	33	165	67	96	51	207	264	97	92	58	80	11	50	56	104	92	112	76
Brevibacteriaceae	187	151	383	400	251	259	342	340	160	382	405	530	246	223	184	198	59	273	352	177	219	252	410
Cellulomonadaceae	160	160	386	242	149	233	327	121	125	147	255	167	159	214	122	100	74	122	251	197	549	242	197
Dermabacteraceae	933	240	1238	533	328	1056	381	663	605	455	1015	445	776	906	514	913	635	868	662	713	1091	677	609
Dermacoccaceae	242	55	164	154	95	276	198	75	76	95	128	136	141	161	60	63	73	67	82	78	245	108	90
Dermatophilaceae	166	13	73	183	53	97	72	51	62	65	42	481	76	41	29	16	20	45	79	57	43	70	41
Intrasporangiaceae	178	100	501	367	126	137	275	148	132	105	368	241	206	307	105	198	256	239	271	204	229	247	231
Jonesiaceae	25	2	2	18	30	36	3	9	15	22	6	3	34	27	8	5	5	18	18	3	6	13	3
Microbacteriaceae	2386	1140	4005	1840	1555	3077	3177	2589	1844	1689	3392	3134	2280	2467	1633	1566	1917	1766	2455	2625	1908	2433	2556
Micrococcaceae	2925	900	3996	2246	1470	3677	2141	2281	1719	1712	3406	2638	2306	3941	1726	2673	2025	2433	1746	2674	2555	2832	2853
Promicromonosporaceae	163	74	554	381	128	584	201	333	176	222	335	376	326	201	92	85	186	241	232	311	422	212	379
Sanguibacteraceae	15	1	110	12	37	16	5	3	20	31	14	18	60	21	20	43	8	18	23	62	41	37	16
Micromonosporaceae	810	710	1907	1651	752	1886	1695	1234	758	820	2619	1767	1858	1216	592	913	1788	656	1251	1590	747	1615	1609
Nakamurellaceae	24	11	122	220	61	86	97	120	87	111	77	124	67	182	28	27	39	50	290	41	38	97	78
Nocardioidaceae	774	461	1760	762	533	1398	1182	922	514	657	2062	1142	1188	879	644	520	1521	640	1350	1399	613	1125	1040
Propionibacteriaceae	1215	766	3284	2161	1236	2101	2402	2066	1336	1857	2248	2483	1852	2320	1469	1225	1713	1274	1453	1603	1225	1950	2387
Pseudonocardiaceae	1781	860	3306	1729	1141	2626	2189	2301	1324	1570	2603	2209	2036	1722	1751	1647	1449	1732	1624	2056	1538	1726	2206
Streptomycetaceae	7463	2691	10644	5629	3444	8507	7808	6789	4730	5109	9177	8218	6291	7725	4579	5598	7820	6413	6706	7292	5252	6420	6699
Nocardiopsaceae	438	122	562	409	172	364	584	328	208	523	448	692	242	445	207	532	335	145	481	281	188	212	597
Streptosporangiaceae	444	133	483	285	138	476	164	171	151	302	542	268	198	473	156	106	130	333	464	315	500	236	238
Thermomonosporaceae	108	119	542	81	79	480	197	345	80	22	224	258	126	165	69	131	66	254	74	307	126	271	248
Atopobiaceae	9453	3068	19898	5352	4110	8863	7505	6872	6923	5458	13795	11921	11767	8343	105322	5827	7561	6956	11669	7023	4137	11169	12009
Coriobacteriaceae	96362	16057	124277	9235	33679	10005	22848	5738	12546	33366	4475	155011	77071	54717	13541	81558	36658	19760	34040	7014	3737	137222	208366
Eggerthellaceae	9568	5035	17835	6423	12004	13711	10148	10793	8923	7677	12973	13558	10128	12376	6883	7954	12263	12347	10499	10343	13289	11254	12371
Euzebyaceae	43	39	262	63	194	192	114	142	66	28	328	150	192	144	55	145	322	81	352	192	56	170	97
Rubrobacteraceae	790	165	322	427	127	271	316	212	138	339	553	501	272	284	205	165	454	166	219	324	179	323	354
Conexibacteraceae	102	55	250	92	80	267	177	154	79	40	500	164	187	113	74	90	368	71	95	252	50	196	165
Aquificaceae	29	15	99	20	27	34	12	16	22	51	78	19	49	29	5	13	8	16	94	59	115	41	19
Hydrogenothermaceae	8	3	6	15	98	20	76	57	23	52	13	13	120	13	5	4	53	52	17	7	3	43	4
Desulfurobacteriaceae	558	18	56	49	86	91	149	184	232	41	17	112	42	610	222	300	103	335	45	46	269	34	50
Chthonomonadaceae	70	7	157	104	112	132	45	81	146	60	147	162	79	106	125	85	59	43	285	82	19	41	85
Fimbriimonadaceae	27	19	143	18	28	38	75	69	55	20	173	131	34	86	10	21	46	18	19	28	27	66	93
Bacteroidaceae	60572	1972800	116860	128536	439186	140399	567896	206028	54252	74695	1725458	277007	70588	128790	1229375	1838175	152452	47189	171141	1668563	2379002	57648	78136
Barnesiellaceae	2378	5144	3774	7720	3315	4687	6163	10194	3082	4448	5884	10022	6047	4235	10200	7672	4103	3502	10628	5710	6454	3869	3565
Dysgonamonadaceae	223	217	517	1047	383	434	799	797	152	401	323	933	480	480	1028	484	145	174	911	163	338	708	412
Muribaculaceae	7040	2182	6838	16529	2696	2053	7128	2314	3545	5474	2018	7530	4741	10184	27268	12795	1979	5556	13797	3483	7129	8154	8993
Odoribacteraceae	3718	3395	3572	14636	7705	8823	6495	10310	5179	15667	17526	27122	7274	8964	20718	12760	5387	3843	7498	7024	9395	3380	14077
Paludibacteraceae	1004	426	665	943	769	682	1656	773	375	671	576	763	2347	1383	1212	650	602	568	911	796	386	942	733
Porphyromonadaceae	5789	1841	3111	22162	1985	3504	5277	8194	3564	11482	2735	14440	8401	9844	9310	9160	1790	3296	6118	35505	11667	4488	9028
Prevotellaceae	52043	9564	19963	296911	17555	25749	70344	83116	14585	175601	7711	288123	77593	117600	46654	55621	8867	17163	62543	16365	27938	69100	112858
Rikenellaceae	74449	993843	83493	53677	386214	479668	264220	234828	153347	36476	259326	437637	9166	504534	1188892	928808	93660	374405	787981	412829	681865	141948	50492
Tannerellaceae	144446	29678	46498	12696	957631	57401	323078	133946	8574	15044	3343383	302573	16033	27593	587004	371178	355045	278505	319762	889988	56917	8068	26059
Marinifilaceae	70	143	41	191	40	99	83	177	43	161	35	255	130	99	124	129	77	45	95	83	123	78	99
Marinilabiliaceae	141	80	94	145	247	120	337	145	157	180	167	579	231	183	598	160	109	225	660	205	99	219	131
Prolixibacteraceae	99	36	74	59	94	87	283	82	88	81	93	174	202	69	203	111	82	41	105	164	52	164	61
Salinivirgaceae	43	63	75	162	69	45	34	18	34	151	76	60	110	89	161	165	60	44	138	69	401	61	47
Chitinophagaceae	988	346	770	1094	726	875	922	1026	1485	1310	567	1999	1688	1297	2557	900	653	947	2021	857	766	1062	1141
Amoebophilaceae	772	145	254	126	376	153	488	429	925	259	58	471	322	609	434	819	231	544	357	229	716	381	245
Bernardetiaceae	36	14	16	12	70	1	26	35	35	13	8	87	29	676	84	9	26	98	76	41	10	16	17
Cyclobacteriaceae	1663	363	967	1169	801	606	1270	1089	1339	1011	378	2871	1179	2186	2582	2200	584	1388	1683	824	885	890	1167
Cytophagaceae	3873	674	1953	3798	1119	1153	2269	2087	2298	2662	1097	3985	2739	4115	3609	5797	1463	2399	1922	1462	3463	2323	2462
Flammeovirgaceae	78	133	81	445	254	157	298	270	350	176	101	247	283	129	219	134	162	131	277	239	231	221	75
Hymenobacteraceae	4096	1461	3598	9456	2373	3341	5989	4298	4017	5225	2545	7870	4224	5677	6400	4269	1951	3851	10335	2961	3579	4757	4815
Persicobacteraceae	62	24	27	91	112	120	63	64	43	107	42	23	254	51	87	63	46	66	108	66	69	134	50
Blattabacteriaceae	34	22	50	26	79	60	66	58	36	57	19	65	200	21	22	16	28	28	29	42	39	46	77
Crocinitomicaceae	94	45	46	245	43	97	157	161	89	79	24	86	100	36	189	61	48	61	69	43	70	95	54
Cryomorphaceae	15	8	17	123	26	12	25	22	234	34	24	37	38	68	47	20	9	16	27	5	40	91	11
Flavobacteriaceae	29107	23299	19752	35724	22284	14619	26638	25196	24268	29748	32227	57162	27059	34210	54826	43979	12154	18708	41247	25123	36003	25139	32081
Ichthyobacteriaceae	36	11	44	385	25	23	89	112	12	352	12	531	130	202	54	52	13	37	29	43	8	100	240
Haliscomenobacteraceae	119	18	55	258	64	69	102	124	79	273	71	195	162	78	254	71	69	68	114	86	83	91	140
Saprospiraceae	74	19	44	392	18	23	15	12	197	38	28	59	60	59	62	147	22	26	54	26	19	39	17
Sphingobacteriaceae	2497	734	1345	2428	1578	1022	2558	1920	2166	1599	1070	3213	2894	3007	2750	2821	986	1841	2144	1543	1933	1983	1622
Rhodothermaceae	1083	353	1033	1073	526	750	1338	853	716	504	1554	1095	856	735	928	638	889	536	1067	740	490	932	666
Caldisericaceae	52	1	5	115	6	1	0	4	33	9	1	3	25	35	0	1	1	8	4	1	0	0	1
Calditrichaceae	65	83	100	85	72	97	122	130	42	215	61	121	116	110	95	77	32	168	158	124	79	193	146
Chlamydiaceae	54	31	128	106	65	61	209	87	58	81	47	127	207	154	63	59	70	60	138	62	73	127	140
Parachlamydiaceae	36	7	63	22	75	22	30	58	44	49	24	129	75	36	233	72	13	19	31	26	33	33	71
Simkaniaceae	49	4	85	74	4	40	11	5	30	16	0	8	11	32	20	1	4	7	45	11	0	18	21
Waddliaceae	15	3	2	34	6	11	12	3	24	18	4	6	16	47	82	18	7	5	17	3	14	7	8
Chlorobiaceae	1994	719	2139	2058	911	1388	1793	2044	1705	1398	1178	2355	1623	2483	2604	1965	1466	2269	2111	1852	1580	1922	1814
Anaerolineaceae	329	101	901	160	230	656	405	439	533	279	804	500	601	531	259	251	231	317	421	505	322	481	390
Ardenticatenaceae	231	60	329	122	89	427	238	172	153	123	207	451	104	159	71	171	79	78	684	206	91	270	216
Caldilineaceae	53	58	198	68	112	103	107	81	114	69	215	211	168	50	43	67	123	88	67	118	42	215	131
Chloroflexaceae	68	35	77	110	48	97	91	51	40	75	52	128	56	91	50	31	64	58	56	51	39	66	63
Roseiflexaceae	484	236	767	167	327	261	511	282	539	279	320	367	337	567	326	118	536	710	469	854	88	246	266
Dehalococcoidaceae	577	124	1462	179	778	1320	444	631	477	465	284	775	442	1481	281	463	233	563	530	358	949	444	566
Sphaerobacteraceae	86	80	460	103	68	118	183	87	130	68	392	215	124	169	88	103	128	112	431	178	67	130	220
Thermomicrobiaceae	56	16	242	51	54	185	71	246	148	88	65	90	87	102	88	41	84	192	57	161	68	29	81
Chrysiogenaceae	200	28	132	83	70	149	108	90	95	106	257	106	145	120	158	100	24	114	172	181	50	121	60
Coprothermobacteraceae	12	2	58	32	3	24	28	13	7	16	0	1	13	4	62	4	4	16	7	2	4	18	1
Gloeobacteraceae	104	139	274	195	107	356	320	145	168	41	428	198	139	180	175	216	243	155	180	223	162	286	204
Aphanothecaceae	15	6	3	19	8	2	32	5	3	6	4	41	5	35	14	33	8	4	21	4	18	8	11
Chroococcaceae	358	38	111	565	37	136	105	279	66	478	70	61	194	25	90	32	46	36	78	72	82	136	397
Cyanobacteriaceae	46	15	23	12	4	6	8	24	14	30	8	13	34	11	3	8	5	21	31	9	17	6	12
Microcystaceae	452	9	29	10	41	41	18	33	54	44	27	81	80	28	69	34	23	67	106	49	31	49	35
Chroococcidiopsidaceae	31	14	24	21	12	6	24	35	6	18	20	11	58	26	17	10	2	15	16	26	10	81	50
Gloeomargaritaceae	37	6	65	34	7	31	9	13	24	39	16	15	10	42	1	10	58	5	45	3	2	31	37
Aphanizomenonaceae	77	10	104	55	256	103	113	97	79	84	111	84	528	30	36	34	84	62	40	24	17	47	70
Fortieaceae	0	0	0	0	0	0	0	0	0	0	0	0	0	0	0	0	0	0	0	0	0	0	0
Hapalosiphonaceae	19	5	136	12	63	16	15	13	20	110	56	8	127	1	10	13	151	44	43	22	12	90	20
Nostocaceae	1301	258	698	2629	573	995	741	886	587	1927	250	926	1749	927	983	147	931	1049	741	1211	194	699	1051
Rivulariaceae	207	208	127	839	130	294	92	351	172	200	59	150	436	89	116	89	399	454	238	263	351	322	203
Scytonemataceae	43	41	52	26	44	27	44	69	28	274	19	32	83	102	81	17	21	23	19	35	22	98	214
Tolypothrichaceae	0	0	0	0	0	0	0	0	0	0	0	0	0	0	0	0	0	0	0	0	0	0	0
Coleofasciculaceae	86	43	125	122	92	256	97	263	138	139	103	54	70	128	59	51	52	186	53	156	86	99	144
Cyanothecaceae	77	34	93	68	78	123	48	87	51	108	30	83	161	70	58	13	32	70	101	52	34	175	45
Gomontiellaceae	167	22	18	1548	13	91	240	669	23	1280	9	2	335	18	97	12	15	15	122	55	83	265	904
Microcoleaceae	2166	39	114	291	77	482	186	166	140	343	273	140	382	110	160	47	86	85	126	167	54	224	229
Oscillatoriaceae	411	62	165	815	106	163	131	233	96	232	186	54	404	438	269	622	94	220	84	106	457	143	223
Dermocarpellaceae	31	7	105	11	175	38	68	125	58	33	22	260	46	121	81	11	32	162	207	45	6	10	41
Hyellaceae	31	0	45	6	14	85	7	4	2	32	5	5	18	82	96	12	2	11	6	8	1	8	13
Acaryochloridaceae	66	21	81	7	431	100	27	54	67	43	17	22	19	53	65	6	55	61	30	48	16	72	114
Chamaesiphonaceae	41	30	59	73	76	79	41	17	44	148	12	172	53	26	490	6	27	130	124	59	17	157	123
Leptolyngbyaceae	139	83	262	844	121	419	216	694	299	424	142	248	187	244	249	179	67	359	124	201	240	231	368
Merismopediaceae	45	13	100	120	30	147	50	28	28	105	17	73	153	67	35	33	24	25	41	15	19	77	68
Prochloraceae	635	9	93	16	88	80	23	71	51	35	37	56	90	52	7	24	17	12	36	25	22	115	14
Prochlorotrichaceae	77	6	262	70	17	69	91	84	27	74	38	21	28	140	13	7	53	23	54	178	19	44	107
Pseudanabaenaceae	28	1	128	3	14	31	14	45	33	94	62	76	146	47	34	6	25	53	130	18	2	43	52
Synechococcaceae	1635	489	3097	1305	867	2209	1616	1920	1274	1449	2177	1868	2303	1625	960	922	2018	1522	1792	1324	985	1995	1611
Deferribacteraceae	143	36	155	113	602	207	127	115	124	171	87	204	220	115	79	48	150	79	292	81	99	185	203
Deinococcaceae	2756	1002	5926	1941	2374	4440	3026	4443	2770	2341	2944	2842	2517	3426	1595	1207	3276	3420	2788	2895	1419	2395	2513
Trueperaceae	293	111	783	93	181	486	385	659	372	328	142	559	298	430	203	110	375	608	266	588	153	93	293
Thermaceae	1311	492	2042	1439	629	1673	1318	1300	828	1091	2550	1426	1355	1446	828	972	2703	1204	1030	1671	610	1679	1417
Dictyoglomaceae	90	22	74	22	385	149	23	27	80	76	31	32	33	37	17	16	49	45	40	77	18	67	163
Elusimicrobiaceae	38	686	343	2958	23	592	11	4	64	2090	73	5	63	60	260	327	115	31	43	156	10	2087	25
Endomicrobiaceae	29	15	65	60	38	51	44	21	31	29	41	41	48	117	22	44	13	31	64	119	64	143	120
Fibrobacteraceae	168	63	181	662	105	193	654	3642	624	1122	264	919	1368	1133	118	73	197	348	380	130	84	403	256
Alicyclobacillaceae	1030	339	1526	887	458	902	1049	777	479	1034	1736	1641	1356	1153	353	497	766	362	1052	887	359	1169	1038
Bacillaceae	5015	2128	8857	4058	6398	5907	5184	6385	3851	4625	5708	5688	5721	6735	4983	3618	3902	5388	6282	6619	3762	5757	5935
Listeriaceae	217	190	288	114	120	284	149	129	156	176	281	182	186	199	125	100	190	163	332	236	154	206	162
Paenibacillaceae	10302	3737	14911	5446	8459	10792	9656	10888	7539	6732	9959	9640	8030	11207	6613	7315	7799	9445	8061	11300	7175	8208	9475
Planococcaceae	561	224	853	595	715	819	745	768	415	556	662	837	1072	427	450	210	398	471	686	552	460	715	658
Sporolactobacillaceae	85	11	23	92	17	43	17	35	103	44	16	59	50	57	27	33	19	33	31	23	19	64	47
Staphylococcaceae	1323	412	2196	528	1984	1496	1337	1624	1155	937	1430	1329	1500	1493	698	515	1417	1658	1405	1372	485	1263	1016
Thermoactinomycetaceae	94	71	125	80	176	130	165	114	142	77	84	137	133	278	237	85	83	181	139	107	88	164	196
Aerococcaceae	412	72	735	133	1473	642	237	506	464	266	411	170	235	386	208	118	275	438	249	199	186	294	506
Carnobacteriaceae	198	66	327	105	114	297	113	139	160	160	299	71	181	131	61	68	125	90	219	117	138	157	172
Enterococcaceae	20904	1163	21113	2187	8415	6646	4475	7117	3801	3579	5720	17732	5499	6026	2167	41315	4324	3863	6335	2154	5786	3141	4150
Lactobacillaceae	28500	19012	314476	57097	40662	64258	101797	136486	75889	26553	223825	18632	10753	186010	21989	264019	18627	114175	358195	38721	47462	146185	132512
Leuconostocaceae	422	129	2060	283	608	997	2050	5326	549	225	1259	489	303	2627	219	184	185	482	423	221	316	274	450
Streptococcaceae	8014	4855	75416	9219	23956	16826	13664	11542	11027	13030	22213	14016	13728	18875	4028	5835	7971	8460	13795	10657	15873	17576	23230
Christensenellaceae	5277	2157	8202	2492	10263	9000	5792	6357	5032	4869	7027	4828	3205	6827	3199	4091	5002	5116	6608	6374	8442	4026	6628
Clostridiaceae	21389	7652	43361	7152	62511	26578	57945	20238	20250	14667	30351	20854	24289	23053	7546	10033	14932	18048	22074	20398	25908	19258	26768
Clostridiales Family XIII. Incertae Sedis	2471	723	3002	1038	2675	2222	2006	1742	1477	1613	2096	3476	1351	2580	1509	3094	1157	1396	3043	760	2979	2714	2207
Clostridiales Family XVI. Incertae Sedis	111	29	403	53	71	89	182	110	202	150	332	159	77	204	34	34	68	20	98	512	51	189	197
Clostridiales Family XVII. Incertae Sedis	833	210	1161	527	257	1178	763	1174	651	692	1859	636	829	719	330	444	2415	868	454	792	457	1082	826
Eubacteriaceae	24019	15102	69366	6923	356294	70662	29234	64423	27246	22104	32226	32266	50237	44942	9133	12505	13570	54711	72817	13706	22532	21936	37186
Heliobacteriaceae	541	232	1289	732	365	992	647	1197	645	841	709	1004	536	641	297	198	207	866	537	662	361	491	847
Hungateiclostridiaceae	4248	860	5214	960	6497	3739	2752	3114	2361	1624	2311	3106	2704	2764	1224	556	2389	2722	2753	3390	1154	1743	2468
Lachnospiraceae	98696	370311	198185	388789	221427	297670	464000	571786	207981	341192	416251	307676	110603	496209	523924	2042900	133158	394694	962817	268940	477761	212737	382835
Oscillospiraceae	103861	31363	99719	77995	43658	72126	184547	120266	62941	158120	140962	75448	93204	96299	30566	28628	163175	75505	55229	85010	34966	82469	118128
Peptococcaceae	5511	1814	9477	2119	7609	5667	5012	6171	4839	3725	7089	4755	4153	5888	2778	1956	5142	5661	4880	5751	2299	3658	4042
Peptostreptococcaceae	41700	27696	88051	28454	75509	53775	48643	48680	36512	34737	54923	49929	42432	55236	22427	49578	33509	39322	67505	43616	49628	38458	50884
Ruminococcaceae	128897	41849	260965	81573	186185	212510	148832	164602	113659	154689	165249	105044	131800	159793	46012	64764	181674	149854	145880	107677	66976	132392	148377
Symbiobacteriaceae	544	245	1723	370	376	1055	741	645	351	403	1288	657	731	832	170	436	1374	504	421	894	183	875	554
Syntrophomonadaceae	865	168	1218	323	436	489	577	599	432	301	198	683	319	688	344	119	703	835	508	769	73	201	215
Halanaerobiaceae	97	75	113	61	84	217	99	126	113	95	129	73	55	208	168	103	44	100	228	92	157	108	166
Halobacteroidaceae	43	14	81	12	22	27	66	31	87	50	90	55	41	21	20	38	45	26	32	26	9	80	137
Natranaerobiaceae	24	8	36	3	127	32	9	11	24	25	53	25	22	14	3	6	13	15	16	25	5	28	46
Thermoanaerobacteraceae	1200	405	2534	637	1356	1139	1135	1229	842	788	1357	1562	948	1430	483	460	1258	887	1398	1515	503	1050	1286
Thermoanaerobacterales Family III. Incertae Sedis	1723	540	3051	442	1636	1822	1638	2144	1263	1020	1146	1571	1170	1461	968	303	2467	2323	1551	2039	617	1023	787
Thermoanaerobacterales Family IV. Incertae Sedis	310	165	675	90	580	796	322	300	143	120	482	430	357	929	100	132	167	62	190	791	61	176	374
Thermodesulfobiaceae	47	4	22	10	15	44	15	14	26	31	8	24	98	32	24	15	20	44	17	37	30	75	48
Erysipelotrichaceae	19732	3660	29507	5119	73902	22008	12460	10982	14820	11861	9788	11594	9001	20520	5697	9258	11365	11637	14521	10423	19700	14895	24267
Limnochordaceae	254	166	575	238	208	464	592	518	309	433	561	346	527	408	725	256	279	338	387	388	163	383	555
Acidaminococcaceae	26618	2063	3318	4194	16072	2842	3008	4107	1759	3183	2580	4239	3810	11627	53465	14167	2836	2603	7478	2002	1462	8099	12581
Selenomonadaceae	3291	1743	6011	3415	2313	3538	3870	3542	2083	3212	3803	5276	3839	5062	2096	1847	2417	2628	3468	3949	1086	4181	3817
Sporomusaceae	514	282	371	160	241	199	385	549	166	429	285	193	688	436	288	254	71	202	350	262	139	1096	519
Veillonellaceae	93615	2653	8607	14883	17812	4872	10761	4747	33239	12062	8281	124340	8027	97692	32911	16954	12603	5104	14809	3385	4262	10437	20320
Gottschalkiaceae	304	41	118	15	170	147	86	118	129	50	81	161	159	135	97	71	183	46	159	46	160	150	71
Peptoniphilaceae	1286	266	996	521	811	724	684	535	1256	452	700	725	633	1007	325	507	388	380	775	430	1027	734	746
Tissierellaceae	25	69	43	9	126	22	14	46	30	25	37	43	45	242	9	8	19	10	19	51	32	27	15
Fusobacteriaceae	611	1203	2758	4191	1845	572	324	356	1544	463	255	562	527	663	8645	88447	1970	1842	9917	751	9449	389	754
Leptotrichiaceae	208	54	322	189	679	222	122	419	399	443	191	129	313	204	63	157	144	169	185	141	213	210	225
Gemmatimonadaceae	460	196	836	441	297	807	677	577	292	331	1081	463	441	430	284	397	906	395	246	495	349	529	404
Ignavibacteriaceae	25	47	16	11	14	16	9	9	55	58	3	56	50	24	5	8	8	56	39	28	6	30	14
Melioribacteraceae	115	47	130	101	490	154	38	146	79	123	27	26	70	46	44	22	80	28	64	53	30	139	133
Kiritimatiellaceae	281	143	187	530	136	203	290	234	284	476	193	192	254	299	145	60	298	433	350	384	75	182	318
Nitrospiraceae	584	226	669	242	245	619	420	717	674	218	707	323	494	742	485	804	622	507	322	342	622	645	355
Phycisphaeraceae	59	19	123	125	63	90	136	120	83	151	114	190	151	88	45	30	31	61	52	115	33	183	124
Candidatus Brocadiaceae	103	33	185	36	66	368	81	75	22	101	315	86	166	57	14	58	450	78	73	177	21	177	118
Gemmataceae	96	66	292	197	140	125	177	148	149	193	228	164	330	172	572	82	64	144	205	212	76	258	297
Isosphaeraceae	267	69	376	316	119	238	214	130	169	153	286	378	223	258	73	222	250	204	168	217	106	409	284
Planctomycetaceae	1520	266	991	915	1162	1037	1520	1663	980	930	822	727	910	1422	1218	511	1092	1367	618	1267	311	1337	1420
Acidithiobacillaceae	161	92	598	164	172	516	231	372	159	109	204	482	293	230	96	126	46	247	238	184	121	108	295
Caulobacteraceae	964	477	1843	984	598	1451	1494	1495	773	1044	1689	1375	1233	1048	672	741	1719	836	1760	941	617	1416	1150
Caedimonadaceae	2	3	5	19	2	1	0	11	14	9	0	0	12	3	3	14	1	2	6	11	14	10	2
Candidatus Paracaedibacteraceae	33	19	101	11	9	37	21	34	10	43	8	39	46	39	15	34	13	13	32	15	17	39	39
Holosporaceae	9	2	24	2	13	40	17	0	9	10	6	22	12	13	0	6	31	3	5	42	3	5	19
Magnetococcaceae	158	75	53	137	34	172	68	109	68	53	41	264	170	84	277	195	32	115	147	74	120	64	94
Parvularculaceae	44	8	37	24	29	24	27	26	44	28	91	7	79	30	1	23	97	25	10	39	19	86	18
Pelagibacteraceae	67	13	39	62	51	33	23	44	74	21	39	195	64	29	81	49	23	123	161	40	63	30	47
Aurantimonadaceae	201	54	407	225	119	444	154	213	186	259	429	378	565	211	67	151	506	112	385	385	86	621	240
Bartonellaceae	110	57	254	138	147	276	109	337	152	255	211	201	341	107	148	112	82	162	290	108	77	318	90
Beijerinckiaceae	62	18	324	61	57	63	95	60	63	52	333	72	259	60	54	80	485	51	83	66	57	251	79
Bradyrhizobiaceae	3047	828	4266	2462	2030	3492	2621	3173	2125	2372	3634	2834	3454	3450	1834	3198	2706	2110	2693	2723	2658	2599	2900
Brucellaceae	618	72	562	569	127	455	111	136	243	282	385	190	334	347	579	230	100	135	455	262	205	439	384
Chelatococcaceae	88	135	171	150	85	259	205	342	169	72	384	129	175	75	167	154	427	210	113	127	205	306	220
Cohaesibacteraceae	126	81	165	194	212	90	246	203	163	98	273	91	265	200	90	156	121	55	79	143	78	200	137
Hyphomicrobiaceae	1169	507	2456	1876	724	1094	1608	1602	1065	1140	1176	2082	915	1722	912	481	1664	1732	1320	1793	355	1308	1068
Methylobacteriaceae	1502	533	1784	2292	530	1042	1620	1061	1058	1393	1598	1618	1646	2305	966	1818	1505	1221	1409	1412	1904	1521	1531
Methylocystaceae	101	46	361	212	147	154	169	231	93	173	408	248	119	212	66	75	129	73	148	128	70	110	392
Phyllobacteriaceae	1541	473	1661	1192	598	1287	1066	995	982	833	1556	1192	1248	1496	1383	1275	515	1016	1050	1209	1123	1196	1425
Rhizobiaceae	2582	1281	5420	3411	2671	4599	2894	3516	2890	2593	5259	3817	3446	3640	2021	1728	2501	2386	3594	2998	1612	3415	3634
Rhodobiaceae	581	304	1420	237	470	567	1032	958	600	469	284	874	405	809	544	214	1034	1216	937	1102	78	279	326
Xanthobacteraceae	287	169	602	415	222	745	473	697	450	448	432	496	658	317	262	217	245	506	432	424	263	363	519
Hyphomonadaceae	197	53	406	595	142	289	287	291	165	571	131	752	280	498	225	142	84	113	196	164	68	401	362
Rhodobacteraceae	6790	2273	8094	4084	3319	6716	5494	4793	3644	3454	6109	4750	4767	6041	4838	5230	4145	4567	5282	4969	4062	5201	5441
Acetobacteraceae	1203	577	3050	2415	1655	2251	1717	1817	1219	1755	2695	2143	1905	1627	1364	851	1100	1238	1244	1542	763	1880	2050
Rhodospirillaceae	3035	959	4108	2075	1663	3378	3005	2937	1985	2044	3859	2638	2690	2438	2019	1553	3372	2423	2754	2576	1299	2536	2691
Anaplasmataceae	62	111	142	49	118	64	161	172	64	55	129	114	163	81	64	111	62	95	165	84	42	231	140
Candidatus Midichloriaceae	11	4	55	14	6	21	2	3	17	30	0	3	13	11	0	0	56	27	53	4	0	51	7
Rickettsiaceae	41	61	102	25	27	54	37	42	36	49	114	83	89	57	13	82	19	35	54	76	42	94	47
Erythrobacteraceae	1323	670	3074	1573	895	2195	2208	2873	1400	1760	1387	2818	1412	1836	2395	827	1642	2384	1605	1917	1037	1208	1722
Sphingomonadaceae	4695	1522	5628	2823	1762	3850	3883	3653	2738	2609	4613	4309	3787	5775	3237	6559	2980	3773	3948	2786	4639	3796	4001
Alcaligenaceae	2479	1213	4736	2241	1676	4189	3022	2919	1655	1997	4017	2918	2893	3166	2490	2813	2597	2595	3696	2302	2130	2896	2463
Burkholderiaceae	4947	1864	9669	6842	4068	6502	5782	5484	4923	5461	6993	6020	7556	5591	5071	3763	4814	5613	8101	6732	2509	5725	4907
Comamonadaceae	4874	1621	7383	4016	36062	6166	15194	5880	8417	3790	7429	5071	4180	28725	296025	4979	5417	5465	4979	6102	19525	5240	4401
Oxalobacteraceae	1762	590	2616	1697	787	2092	1318	1871	1305	1542	1852	2047	2214	2331	2201	1963	1101	2148	2243	1448	1678	2027	1865
Sutterellaceae	1778	164	2743	4228	179	771	490	344	1095	1871	340	1231	1069	2383	4485	2657	1294	3777	6758	409	1212	1140	1054
Chromobacteriaceae	972	314	1769	1490	514	1333	874	1146	659	766	2027	1446	1064	1241	776	1216	1323	1067	915	897	879	1232	1007
Neisseriaceae	1900	594	3139	1571	926	2234	1636	2059	1414	1334	1515	1881	1719	2763	1936	1134	1833	2278	1759	1975	1540	1683	1570
Gallionellaceae	344	51	323	795	613	378	191	314	230	277	222	319	314	442	203	214	161	219	205	458	146	524	435
Methylophilaceae	327	166	392	175	160	448	390	120	180	260	258	205	300	469	381	196	149	158	299	291	89	350	208
Nitrosomonadaceae	934	323	1863	658	594	711	1252	1292	701	658	271	1259	467	1222	676	149	1419	1561	881	1545	101	342	443
Sterolibacteriaceae	91	21	218	57	58	184	95	77	365	106	241	125	185	87	93	46	27	65	151	53	48	100	72
Thiobacillaceae	13	44	114	104	30	35	94	60	31	57	55	96	70	51	72	126	40	82	52	94	78	156	58
Azonexaceae	87	18	96	231	38	55	110	86	45	69	134	90	113	141	63	148	141	60	52	42	49	147	61
Rhodocyclaceae	102	51	156	189	56	149	137	65	112	120	107	134	171	153	147	123	77	154	118	194	117	134	92
Zoogloeaceae	984	296	1176	787	453	844	996	623	398	666	1459	1042	830	1075	956	1210	1507	666	976	766	1004	1189	854
Candidatus Desulfofervidaceae	5	4	4	2	7	1	0	4	7	5	2	5	15	4	4	14	3	1	6	8	26	5	5
Bradymonadaceae	115	26	246	67	38	352	153	36	87	132	168	89	327	141	70	23	54	50	200	177	18	148	110
Desulfarculaceae	671	178	932	373	156	1232	594	874	402	465	744	393	245	476	204	346	516	583	256	481	249	321	472
Desulfobacteraceae	1178	359	2000	985	825	1285	1306	1007	839	1156	1653	1074	1201	1393	589	617	2302	1354	1414	1478	393	1654	1081
Desulfobulbaceae	635	140	259	320	207	601	449	332	247	206	559	550	773	349	347	393	618	185	413	354	352	395	413
Desulfohalobiaceae	19	40	147	31	80	105	99	167	42	67	138	263	58	93	82	47	36	30	100	124	67	65	212
Desulfomicrobiaceae	567	261	858	415	544	962	645	678	582	520	648	674	791	608	830	683	369	338	497	600	772	543	696
Desulfovibrionaceae	125550	61195	77268	83881	77644	315131	128532	109381	112158	114376	45117	111254	100713	141515	180315	133512	73796	147073	131110	87005	297666	96156	126549
Desulfurellaceae	79	19	84	32	31	24	14	32	12	41	20	22	39	40	79	6	41	31	65	26	16	40	28
Desulfuromonadaceae	1146	500	2001	1110	726	1917	1451	1638	1175	1237	1275	1481	1227	1599	1261	643	1342	1824	1333	1628	809	781	1287
Geobacteraceae	2706	940	3977	1905	1610	2990	2756	2522	2256	1898	2659	2578	2433	2915	2827	2970	1910	2403	1706	2751	2607	2567	2728
Anaeromyxobacteraceae	508	361	868	962	478	871	865	567	498	470	992	739	784	711	250	271	300	386	664	725	193	506	692
Archangiaceae	316	206	766	705	283	869	629	755	469	386	862	1121	496	544	264	250	307	483	579	421	312	430	702
Kofleriaceae	127	73	339	710	126	480	205	376	258	377	360	895	423	336	119	256	82	240	112	209	133	404	270
Myxococcaceae	672	344	1573	1066	534	1307	878	786	528	733	1607	1126	1194	929	376	505	1232	674	1131	1196	324	997	919
Polyangiaceae	669	403	1809	731	620	1160	966	1065	718	630	910	1420	837	951	680	352	957	1254	950	1447	346	742	938
Sandaracinaceae	238	68	348	145	69	276	136	214	70	107	192	333	253	144	66	130	52	105	147	193	27	147	166
Vulgatibacteraceae	118	41	307	100	96	404	145	239	136	94	179	124	143	88	65	134	197	441	95	134	100	120	198
Syntrophaceae	149	57	529	301	269	309	148	219	196	280	279	265	306	402	125	168	222	151	187	341	145	393	315
Syntrophobacteraceae	30	19	133	172	106	578	51	72	42	132	90	105	113	187	34	206	52	51	47	49	47	128	107
Campylobacteraceae	33210	17622	15798	7707	25872	19087	9028	8782	10948	11191	10193	16686	13884	14063	20885	59087	16757	13258	41118	18995	19247	13376	15218
Helicobacteraceae	2089	5300	870	810	840	534	633	443	477	883	482	921	1028	994	226	1038	4539	297	4651	11143	4919	314	11148
Nautiliaceae	40	11	23	22	17	34	2	52	8	16	13	44	16	28	2	2	10	2	32	0	12	18	17
Acidiferrobacteraceae	262	199	547	467	213	369	449	461	438	356	529	250	602	280	184	227	195	274	388	235	178	261	301
Aeromonadaceae	2612	645	3395	2375	883	2647	2025	2186	1495	1822	2215	1966	2466	2374	1942	2105	1764	1850	1805	1647	1547	2361	1830
Alteromonadaceae	1094	301	1364	597	493	912	678	1064	818	819	1266	921	1437	1329	1181	1631	1311	1263	1083	682	1283	1173	744
Colwelliaceae	90	5	87	29	211	117	47	83	108	63	50	633	150	77	201	64	6337	158	167	105	87	117	76
Ferrimonadaceae	52	19	59	84	52	41	37	24	44	40	46	22	116	42	32	51	26	16	35	21	46	35	60
Idiomarinaceae	13	17	43	16	81	49	66	53	21	42	36	41	91	65	15	43	12	25	54	14	14	47	22
Moritellaceae	8	8	14	63	74	33	4	20	24	140	8	17	72	209	1	21	19	4	3	6	17	107	28
Pseudoalteromonadaceae	226	219	160	643	208	262	361	254	137	323	305	176	610	208	247	175	136	151	223	445	165	418	460
Psychromonadaceae	93	32	123	25	427	113	90	101	49	35	53	84	81	77	36	38	50	68	39	43	33	98	151
Shewanellaceae	693	333	676	521	765	844	736	846	434	566	442	422	815	717	795	485	437	474	439	639	395	697	819
Cardiobacteriaceae	3	10	16	11	77	11	20	29	13	15	38	23	15	83	28	14	6	1	30	11	3	6	11
Cellvibrionaceae	703	42	176	267	134	267	274	285	165	190	353	380	227	194	220	240	153	175	276	105	147	227	149
Halieaceae	73	52	435	174	106	343	88	149	332	122	345	119	170	166	635	127	58	118	81	105	45	143	346
Microbulbiferaceae	260	70	322	305	141	163	269	71	322	228	298	198	277	340	206	253	381	156	384	219	111	440	263
Spongiibacteraceae	146	45	117	77	103	117	120	97	144	55	58	39	193	151	48	147	51	68	137	117	60	71	54
Chromatiaceae	749	371	1051	643	470	1350	1016	1266	708	787	1038	994	752	789	690	611	820	916	759	854	543	853	1024
Ectothiorhodospiraceae	1739	548	1967	1332	737	2111	2025	1602	1121	1253	2893	1814	1884	1398	1006	993	3415	1209	1476	1417	662	2093	1593
Granulosicoccaceae	23	5	29	15	28	49	9	13	33	12	24	52	47	21	41	28	17	5	171	29	9	19	10
Halothiobacillaceae	49	16	50	61	17	85	29	56	236	43	63	50	78	32	42	18	45	60	23	54	80	29	49
Wenzhouxiangellaceae	15	7	71	98	16	53	24	7	14	23	71	25	57	33	9	28	93	15	38	19	12	64	11
Woeseiaceae	525	71	173	27	18	52	43	38	48	35	76	47	93	481	344	873	11	288	90	59	727	97	149
Budviciaceae	146	29	83	46	100	101	46	77	110	77	119	34	87	62	100	87	39	68	68	63	48	55	44
Enterobacteriaceae	257696	124366	505562	107303	271863	458139	92219	6017	45257	9114	217536	12236	87886	99156	896752	4114130	60712	248299	734922	15594	260527	182927	5454
Erwiniaceae	792	347	1275	1213	731	1078	669	787	560	775	905	673	936	811	546	624	418	640	1036	844	502	926	890
Hafniaceae	249	97	510	488	208	483	211	516	359	617	432	659	715	431	180	286	149	255	393	222	220	350	333
Morganellaceae	334	102	426	478	246	401	315	574	224	550	660	613	440	311	692	475	208	247	272	265	198	555	362
Pectobacteriaceae	1014	407	2122	996	738	1203	968	1069	648	823	1650	799	1482	971	864	846	644	588	1111	945	800	1098	969
Yersiniaceae	1237	526	1981	1094	922	2215	1397	1511	893	1093	1298	1329	1717	1288	982	1284	633	1294	1247	1282	900	1298	1179
Immundisolibacteraceae	19	20	163	13	37	49	36	37	35	23	213	24	49	79	87	48	6	46	28	45	54	48	50
Coxiellaceae	171	42	92	46	80	63	273	65	63	73	57	34	86	191	201	73	46	74	56	113	20	178	110
Legionellaceae	377	40	182	188	137	186	233	105	206	173	178	260	246	206	283	157	149	235	320	222	120	240	185
Methylococcaceae	1434	285	1096	808	341	734	747	511	533	624	929	597	1037	1178	864	1220	268	708	705	569	931	866	516
Sinobacteraceae	81	61	306	204	103	294	293	135	85	83	182	175	130	150	138	128	50	85	189	264	68	225	212
Alcanivoracaceae	324	201	535	252	144	302	360	182	176	219	843	226	506	255	274	383	1246	171	309	265	175	726	200
Endozoicomonadaceae	241	185	274	109	189	133	334	276	193	182	80	305	60	347	194	11	506	495	287	576	1	81	90
Hahellaceae	21	11	48	33	30	43	29	18	21	24	33	30	25	29	58	8	28	13	28	167	28	17	189
Halomonadaceae	2267	743	2236	2295	943	1764	1779	1716	1116	1599	2197	2016	1567	1866	1252	1438	1985	1180	1424	1648	1544	2175	1810
Kangiellaceae	294	63	277	90	125	259	120	56	65	56	142	153	116	247	209	97	41	27	81	299	86	116	169
Oceanospirillaceae	195	87	309	288	119	245	276	323	137	287	201	374	504	257	157	78	164	142	195	332	65	328	231
Oleiphilaceae	10	1	126	4	10	116	5	81	1	3	62	9	19	14	3	2	1	76	8	5	17	15	1
Saccharospirillaceae	85	51	314	106	53	364	54	327	278	103	212	110	78	96	102	60	37	400	76	218	152	87	124
Orbaceae	10	4	15	16	64	17	32	42	29	38	17	20	71	125	17	53	5	10	36	10	26	74	15
Pasteurellaceae	2003	1400	2335	14192	2537	1681	1841	2170	4222	1362	15825	1922	2129	3258	1895	9923	2472	2453	3224	3902	1751	1574	2582
Moraxellaceae	883	494	1091	832	985	1119	855	1106	648	1262	863	849	1513	1366	821	623	427	722	1087	769	595	1673	987
Pseudomonadaceae	7615	2786	10419	8152	3896	9952	7878	8073	5603	7110	8353	7902	7377	8049	6233	6811	5776	6770	7374	6208	6010	8734	8142
Salinisphaeraceae	78	7	40	31	31	33	85	35	34	37	330	38	119	76	14	147	359	23	68	179	21	142	74
Francisellaceae	603	236	851	110	335	389	682	794	439	358	103	635	325	620	340	69	817	938	517	1006	40	248	79
Piscirickettsiaceae	112	43	139	182	31	119	77	75	60	116	89	71	285	130	445	131	22	78	120	81	66	99	146
Thiotrichaceae	6	3	42	8	10	40	23	27	6	24	14	16	27	51	5	5	7	8	4	54	41	71	16
Vibrionaceae	1439	571	1268	1668	866	1291	1265	1374	938	1455	854	2480	1738	1471	1096	824	806	1246	1451	1174	668	1160	1269
Rhodanobacteraceae	974	415	2094	1620	679	968	1409	1532	1158	1142	628	1755	1086	1610	814	383	1573	1628	1211	1843	353	740	826
Xanthomonadaceae	2910	1222	4205	3182	1567	3826	2640	3569	2351	2852	3352	3263	2703	3241	2737	3066	1865	3462	2640	2668	2670	2670	2896
Hydrogenophilaceae	531	10	102	109	87	223	54	87	81	76	22	134	97	41	31	20	25	64	31	53	32	36	43
Bacteriovoracaceae	9	4	14	67	8	30	10	13	26	97	15	11	79	13	24	27	6	4	14	11	5	4	6
Halobacteriovoraceae	388	45	137	22	72	23	35	23	115	56	21	227	78	253	236	470	41	291	320	88	389	65	100
Bdellovibrionaceae	348	28	267	34	70	110	75	160	50	250	143	158	212	63	100	61	71	62	151	42	66	96	74
Mariprofundaceae	129	127	92	97	82	131	154	129	68	121	141	71	118	174	78	61	25	61	107	66	49	215	66
Leptospiraceae	170	76	277	104	118	237	141	191	173	123	125	136	187	161	270	146	3599	198	219	128	192	233	182
Brachyspiraceae	312	66	462	805	165	365	200	403	13405	214	42	377	366	127	79	80	78	112	242	138	383	504	211
Borreliaceae	47	153	45	40	93	84	102	166	320	158	14	75	180	64	57	13	113	112	101	105	27	106	53
Spirochaetaceae	17528	35871	14004	8893	8247	14945	4288	10651	13851	19518	3317	6836	407145	13356	6591	5610	12276	8183	9701	38371	3712	16938	5181
Synergistaceae	107355	23013	34101	33180	18708	14418	67707	33733	133860	49805	153639	32134	17943	58906	52863	126984	48628	28608	88622	396329	530179	37929	63669
Acholeplasmataceae	315	139	1012	167	463	956	421	622	272	200	230	407	370	332	172	117	138	515	676	303	310	639	605
Entomoplasmataceae	325	74	280	39	167	169	209	173	184	174	75	164	92	302	151	35	267	415	259	388	12	112	128
Spiroplasmataceae	623	94	212	46	183	270	210	213	164	373	70	166	271	179	167	60	126	187	335	109	65	307	351
Mycoplasmataceae	1702	571	2205	330	1057	1235	1300	1550	968	1279	494	1478	1057	1612	1201	448	1437	1631	1380	1576	314	725	834
Thermodesulfobacteriaceae	32	91	15	16	18	25	12	6	229	16	7	8	33	45	20	3	17	16	31	74	29	15	27
Kosmotogaceae	107	8	38	101	30	41	60	44	19	32	13	95	56	13	81	12	10	12	37	13	59	32	20
Fervidobacteriaceae	115	21	341	26	279	409	109	150	116	67	165	553	77	100	94	21	77	215	302	249	25	56	149
Thermotogaceae	721	118	283	123	121	264	209	247	299	172	125	284	326	477	240	988	183	277	219	227	465	177	185
Methylacidiphilaceae	3	7	5	7	1	7	7	27	6	10	12	40	24	10	32	6	47	5	6	10	6	20	10
Opitutaceae	1327	481	1510	1618	558	1570	1514	1699	1378	1307	1333	1414	1269	1311	916	855	630	1162	1192	964	629	1133	1464
Puniceicoccaceae	165	58	104	81	55	57	81	48	40	47	84	75	47	106	43	55	24	54	104	86	40	56	63
Akkermansiaceae	361	1121	995	521	3428	1021	835	810	854	663	442425	1134	1102	546	469	396	372	657	1673	928	76654	756	756
Verrucomicrobiaceae	83	84	277	550	136	277	165	258	255	164	169	242	368	126	158	92	66	189	373	124	75	155	167
Avsunviroidae	0	0	0	0	0	0	0	0	0	0	0	0	0	0	0	0	0	0	0	0	0	0	0
Pospiviroidae	0	0	0	0	0	0	0	0	0	0	0	0	0	0	0	0	0	0	0	0	0	0	0
Adenoviridae	0	0	0	0	1	0	0	0	0	5	0	0	0	0	0	0	0	0	1	0	0	0	1
Alphasatellitidae	0	0	0	0	0	0	0	0	0	0	0	0	0	0	0	0	0	0	0	0	0	0	0
Alphatetraviridae	0	0	0	0	0	0	0	0	0	0	0	0	0	0	0	0	0	0	0	0	0	0	0
Alvernaviridae	0	0	0	0	0	0	0	0	0	0	0	0	0	0	0	0	0	0	0	0	0	0	0
Amalgaviridae	0	0	0	0	0	0	0	0	0	0	0	0	0	0	0	0	0	0	0	0	0	0	0
Ampullaviridae	0	0	1	0	0	3	0	0	5	0	6	0	0	0	0	0	0	0	0	0	0	0	0
Anelloviridae	0	0	0	0	0	0	0	0	0	0	0	0	0	0	0	0	0	0	0	0	0	0	0
Arenaviridae	0	0	0	0	0	0	0	0	0	0	0	0	0	0	0	0	0	0	0	0	0	0	0
Ascoviridae	0	0	0	0	0	0	0	0	0	9	0	0	0	0	0	0	1	0	1	0	0	0	0
Asfarviridae	0	0	0	0	0	0	0	0	0	0	0	0	0	0	0	0	0	0	0	0	0	0	0
Aspiviridae	0	0	0	0	0	0	0	0	0	0	0	0	0	0	0	0	0	0	0	0	0	0	0
Astroviridae	0	0	0	0	0	0	0	0	0	0	0	0	0	0	0	0	0	0	0	0	0	0	0
Bacilladnaviridae	0	0	0	0	0	0	0	0	0	0	0	0	0	0	0	0	0	0	0	0	0	0	0
Baculoviridae	5	3	5	7	9	3	10	11	16	18	1	5	8	11	5	0	8	15	6	9	3	9	19
Barnaviridae	0	0	0	0	0	0	0	0	0	0	0	0	0	0	0	0	0	0	0	0	0	0	0
Benyviridae	0	0	0	0	0	0	0	0	0	0	0	0	0	0	0	0	0	0	0	0	0	0	0
Bicaudaviridae	0	0	0	0	0	0	0	0	0	0	0	0	0	0	0	0	0	0	0	0	0	0	0
Bidnaviridae	0	0	0	0	0	0	0	0	0	0	0	0	0	0	0	0	0	0	0	0	0	0	0
Birnaviridae	0	0	0	0	0	0	0	0	0	0	0	0	0	0	0	0	0	0	0	0	0	0	0
Bromoviridae	0	0	0	0	0	0	0	0	0	0	0	0	0	0	0	0	0	0	1	0	0	0	0
Caliciviridae	0	0	0	0	0	0	0	0	0	0	0	0	0	0	0	0	0	0	0	0	0	0	0
Carmotetraviridae	0	0	0	0	0	0	0	0	0	0	0	0	0	0	0	0	0	0	0	0	0	0	0
Chrysoviridae	0	0	0	1	0	0	0	0	0	0	0	0	0	0	0	0	0	0	0	0	0	0	0
Circoviridae	0	0	0	0	0	0	1	0	1	1	0	0	21	0	0	0	0	0	0	0	1	0	0
Closteroviridae	0	1	0	0	0	0	0	0	0	1	0	0	0	0	0	0	0	0	0	0	0	1	0
Corticoviridae	0	0	0	0	0	0	0	0	0	0	0	0	0	0	0	0	0	0	0	0	0	0	0
Cystoviridae	0	0	0	0	0	0	0	0	0	0	0	0	0	0	0	0	0	0	0	0	0	0	0
Endornaviridae	0	0	0	0	0	0	0	0	0	0	1	0	0	0	0	0	0	0	0	0	0	0	0
Flaviviridae	1	1	0	0	0	1	0	0	0	5	0	0	0	1	4	0	2	0	1	0	1	0	0
Fusariviridae	0	0	0	0	0	0	0	0	0	0	0	0	0	0	0	0	0	0	0	0	0	0	0
Fuselloviridae	0	0	0	0	0	0	0	0	0	0	0	0	0	0	0	0	0	0	0	0	0	0	0
Geminiviridae	0	0	0	0	0	0	2	0	0	1	0	0	0	0	0	0	1	3	0	0	0	0	0
Genomoviridae	0	0	0	0	0	0	0	0	0	0	0	0	4	0	0	0	0	0	0	0	0	1	0
Globuloviridae	0	0	0	0	0	0	0	0	0	0	0	0	0	0	0	0	0	0	0	0	0	0	0
Guttaviridae	0	0	0	0	0	0	0	0	0	0	0	0	0	0	0	0	0	0	0	0	0	0	0
Hepadnaviridae	0	1	2	2	1	0	1	3	1	1	5	1	0	3	0	3	4	1	0	0	2	1	3
Hepeviridae	0	0	0	0	0	0	0	0	0	0	0	0	0	0	0	0	0	0	0	0	0	0	0
Hypoviridae	0	0	0	0	0	0	0	0	0	0	0	0	0	0	0	0	0	0	0	0	0	0	0
Hytrosaviridae	0	0	0	0	0	0	0	0	0	0	0	0	0	0	0	0	0	0	0	0	0	0	0
Inoviridae	0	0	0	0	0	0	0	0	0	0	0	0	0	0	0	0	0	0	0	0	0	0	0
Iridoviridae	0	1	0	0	2	11	0	0	0	3	2	0	1	0	1	0	0	0	2	0	0	0	0
Lavidaviridae	0	0	0	0	0	0	0	0	0	0	0	0	0	0	0	0	0	0	0	0	0	0	0
Leviviridae	0	0	0	0	0	0	0	0	0	0	0	0	0	0	0	0	0	0	0	0	0	0	0
Luteoviridae	0	0	0	0	0	0	0	0	0	0	0	0	0	0	0	0	0	0	0	0	0	0	0
Marseilleviridae	3	0	1	0	0	0	1	0	0	1	0	0	2	2	0	1	0	2	5	0	0	1	0
Megabirnaviridae	0	0	0	0	0	0	0	0	0	0	0	0	0	0	0	0	0	0	0	0	0	0	0
Microviridae	0	6	13	0	4	1	0	0	1	3	5	3	0	2	44	5	5	16	4	0	25	0	0
Mimiviridae	5	2	0	5	4	14	2	5	13	12	2	0	24	2	11	3	9	9	6	1	3	2	20
Nanoviridae	0	0	0	0	0	0	0	0	0	0	0	0	0	0	0	0	0	0	0	0	0	0	0
Narnaviridae	0	0	0	0	0	0	0	0	0	0	0	0	0	0	0	0	0	0	0	0	0	0	0
Nimaviridae	1	0	0	1	0	1	0	0	0	6	0	0	0	0	0	0	2	0	0	0	0	0	0
Nodaviridae	0	0	0	0	0	0	0	0	0	0	0	0	0	0	0	0	0	0	0	0	0	0	0
Nudiviridae	0	0	0	1	2	20	2	1	0	1	0	1	1	0	0	0	0	0	0	0	0	0	0
Orthomyxoviridae	0	0	0	0	0	0	0	0	0	0	0	0	0	0	0	0	0	0	0	0	0	0	0
Papillomaviridae	0	1	1	1	2	0	0	0	0	1	0	0	0	0	0	0	2	0	1	0	0	0	0
Partitiviridae	0	0	0	1	0	0	0	1	0	5	1	0	2	0	0	0	0	0	0	0	1	1	0
Parvoviridae	13	0	13	0	0	0	2	7	5	2	0	7	0	4	0	0	0	19	2	4	0	2	2
Permutotetraviridae	0	0	0	0	0	0	0	0	0	0	0	0	0	0	0	0	0	0	0	0	0	0	0
Phycodnaviridae	2	2	7	20	0	6	0	5	6	25	1	8	31	13	5	5	9	3	11	7	1	9	120
Picobirnaviridae	0	0	0	0	0	0	0	0	0	0	0	0	0	0	0	0	0	0	0	0	0	0	0
Pithoviridae	0	0	0	0	0	0	0	0	0	0	0	0	0	0	0	0	0	0	0	0	0	0	0
Plasmaviridae	0	0	0	0	0	0	0	0	0	0	0	0	0	0	0	0	0	0	0	0	0	0	0
Pleolipoviridae	0	0	0	0	0	0	0	0	0	0	0	0	0	0	0	0	0	0	0	0	0	0	0
Polydnaviridae	2	19	0	8	2	6	3	5	1	20	3	1	6	0	1	0	9	7	2	5	3	5	3
Polyomaviridae	0	0	0	0	0	0	0	0	0	0	0	0	0	0	0	0	0	0	0	0	0	0	0
Portogloboviridae	0	0	0	0	0	0	0	0	0	0	0	0	0	0	0	0	0	0	0	0	0	0	0
Potyviridae	0	0	0	0	0	0	0	0	0	0	0	3	0	0	0	0	0	0	7	1	0	0	0
Poxviridae	12	7	1	2	5	8	1	1	5	14	1	2	19	1	7	1	5	1	1	6	1	1	1
Quadriviridae	0	0	0	0	0	0	0	0	0	0	0	0	0	0	0	0	0	0	0	0	0	0	0
Reoviridae	1	0	0	0	0	0	0	0	0	0	0	0	0	0	0	2	1	2	0	0	0	0	0
Smacoviridae	1	0	32	1	9	1	14	0	9	0	0	47	0	0	0	2	0	0	0	0	0	1	0
Solemoviridae	0	0	0	0	0	0	0	0	0	0	0	0	0	0	0	0	0	0	0	0	0	0	0
Solinviviridae	0	0	0	0	0	0	0	0	0	0	0	0	1	0	0	0	0	0	0	0	0	0	0
Sphaerolipoviridae	0	0	0	0	0	0	0	0	0	0	1	0	0	0	0	0	0	0	0	0	0	0	0
Tectiviridae	0	0	0	0	0	0	0	0	0	0	0	0	0	0	0	0	0	0	0	0	0	0	0
Togaviridae	1	0	0	0	0	0	0	0	0	1	0	0	0	0	0	0	0	0	0	0	0	0	0
Tolecusatellitidae	0	0	0	0	0	0	0	0	0	0	0	0	0	0	0	0	0	0	0	0	0	0	0
Tombusviridae	0	0	0	0	0	0	0	0	0	0	0	0	0	0	0	0	0	0	0	0	0	0	0
Totiviridae	0	3	0	2	4	1	0	2	0	4	1	0	6	0	2	0	1	0	1	1	0	0	0
Tristromaviridae	0	0	0	0	0	0	0	0	0	0	0	0	0	0	0	0	0	0	0	0	0	0	0
Turriviridae	0	0	0	0	0	0	0	0	0	0	0	0	0	0	0	0	0	0	0	0	0	0	0
Virgaviridae	0	0	1	0	0	0	1	0	0	0	0	0	0	0	0	0	0	1	0	0	0	0	0
Fimoviridae	0	0	0	0	0	0	0	0	0	0	0	0	0	0	0	0	0	0	0	0	0	0	0
Hantaviridae	0	0	0	0	0	0	0	0	0	6	0	0	2	0	0	0	0	0	0	0	0	1	0
Jonviridae	0	0	0	0	0	0	0	0	0	0	0	0	0	0	0	0	0	0	0	0	0	0	0
Nairoviridae	0	0	0	0	0	0	0	0	0	0	0	0	1	1	0	0	0	0	0	0	0	0	1
Peribunyaviridae	0	0	2	0	1	0	1	1	0	2	0	0	1	2	0	0	2	0	1	3	0	0	2
Phasmaviridae	0	0	0	0	0	0	0	0	0	0	0	0	0	0	0	0	0	0	0	0	0	0	0
Phenuiviridae	0	2	0	3	0	0	0	0	0	2	0	0	0	0	0	0	1	0	0	0	0	0	0
Tospoviridae	0	0	0	1	0	0	1	0	1	11	0	0	2	0	0	0	0	0	0	1	0	0	0
Ackermannviridae	0	0	0	0	1	0	1	0	1	0	0	0	0	0	59	0	0	7	5	0	0	4	1
Myoviridae	240	17961	13930	1162	130	349	463	125	21875	394221	115	1211	11901	611	47402	98154	14805	94047	15915	1002165	1110	45421	479
Podoviridae	85	7	58	5	21	37	71	197	12	9	42	16	10	66	32913	2224	371	33722	13655	0	4	2	4
Siphoviridae	175	43277	2512	29	40365	525	104	61	1512	164	3428	818	3925	986	6120	15338	6723	25891	9754	360	51693	101	252
Alloherpesviridae	1	16	0	3	1	0	1	4	0	10	1	0	1	0	5	0	12	2	2	2	7	2	0
Herpesviridae	52	36	4	26	17	12	102	25	7	63	217	42	91	5	17	1	263	3	6	24	28	78	19
Malacoherpesviridae	0	4	0	1	0	0	0	0	0	4	0	0	0	0	0	0	2	0	1	0	0	0	0
Lipothrixviridae	0	0	0	0	0	0	0	0	1	0	0	0	0	0	0	0	0	0	0	0	0	0	0
Rudiviridae	0	0	0	0	0	0	0	0	0	0	0	0	0	0	0	0	0	0	0	0	0	0	0
Bornaviridae	0	0	1	0	0	0	0	1	0	0	0	0	0	0	5	0	0	0	0	0	0	0	0
Filoviridae	0	0	0	0	0	0	0	0	0	0	0	0	0	0	0	0	0	0	0	0	0	0	0
Mymonaviridae	0	0	0	0	0	0	0	0	0	0	0	0	0	0	0	0	0	0	0	0	0	0	0
Nyamiviridae	0	0	0	0	0	0	2	0	0	0	0	0	0	0	0	0	0	0	0	0	0	0	0
Paramyxoviridae	0	0	0	0	0	3	0	0	0	0	0	0	4	0	0	0	0	0	0	0	0	0	0
Pneumoviridae	0	0	0	0	0	0	0	0	0	0	0	0	0	0	0	0	0	0	0	0	0	0	0
Rhabdoviridae	0	1	0	0	0	0	0	1	0	3	0	0	1	0	0	0	0	0	0	0	1	0	0
Sunviridae	0	0	0	0	0	0	0	0	0	0	0	0	0	0	0	0	0	0	0	0	0	0	0
Arteriviridae	0	0	0	0	0	0	0	0	0	0	0	0	0	0	0	0	0	0	0	0	0	0	0
Coronaviridae	0	0	0	0	0	0	0	0	0	1	0	0	0	0	0	0	0	0	0	0	0	0	0
Mesoniviridae	0	0	0	0	0	0	0	0	0	0	0	0	0	0	0	0	0	0	0	0	0	0	0
Roniviridae	0	0	0	0	0	0	0	0	0	0	0	0	0	0	0	0	0	0	0	0	0	0	0
Caulimoviridae	0	0	0	0	0	0	0	0	0	0	0	0	1	0	0	0	0	0	0	0	0	0	0
Retroviridae	20	26	35	18	26	18	20	18	18	13	14	50	18	43	13	38	24	21	12	19	23	25	12
Dicistroviridae	0	0	0	0	0	0	0	0	0	0	0	0	0	0	0	0	0	0	0	0	0	0	0
Iflaviridae	0	0	0	0	0	0	0	0	0	0	0	0	0	0	0	0	0	0	0	0	0	0	0
Marnaviridae	0	0	0	0	0	0	0	0	0	0	0	0	0	0	0	0	0	0	0	0	0	0	0
Picornaviridae	0	0	0	0	0	0	1	0	1	0	2	0	16	3	0	0	0	0	0	0	1	1	1
Polycipiviridae	0	0	0	0	0	0	0	0	0	0	0	0	0	0	0	0	0	0	0	0	0	0	0
Secoviridae	0	0	0	0	0	0	0	0	0	0	0	0	0	0	0	0	0	0	0	0	0	0	0
Alphaflexiviridae	0	0	1	0	0	0	0	0	0	1	0	0	0	1	0	0	0	0	3	0	0	4	0
Betaflexiviridae	2	0	2	10	0	0	4	6	0	6	1	3	0	4	0	1	2	3	0	0	0	10	12
Deltaflexiviridae	0	0	0	0	0	0	0	0	0	0	0	0	0	0	0	0	0	0	0	0	0	0	0
Gammaflexiviridae	0	0	0	0	0	0	0	0	0	0	0	0	0	0	0	0	0	0	0	0	0	0	0
Tymoviridae	0	0	0	0	0	0	0	0	0	0	0	0	0	0	0	0	1	0	0	0	0	0	0
