Taxonomy	GXH_3171	GXH_2742	GXH_1176	GXH_3170	GXH_3392	GXH_3174	GXH_1634	GXH_2301	GXH_2741	GXH_3384	GXH_2520	GXH_1635	GXH_913	GXH_1390	GXH_2631	GXH_4036	GXH_1860	GXH_3303	GXH_2074	GXH_3806	GXH_3593	GXH_695	GXH_1389
Acidilobales	2	0	17	3	12	4	1	5	2	1	5	1	5	9	0	1	6	3	61	3	0	3	3
Desulfurococcales	5	8	14	15	25	19	9	17	15	15	26	9	21	4	11	8	7	6	14	4	5	8	10
Sulfolobales	3	4	13	4	9	21	13	25	5	11	7	16	32	4	3	4	9	10	9	3	12	17	64
Thermoproteales	20	20	17	17	6	90	19	95	63	39	16	20	43	50	51	16	9	62	5	115	43	33	85
Archaeoglobales	42	13	173	79	31	54	39	52	86	167	66	46	271	75	70	32	46	96	223	46	44	79	94
Halobacteriales	160	89	260	338	68	215	146	77	129	170	207	157	212	238	129	119	63	115	121	158	131	185	202
Haloferacales	91	44	216	708	53	155	165	246	107	166	176	139	164	82	74	30	36	105	60	82	41	194	102
Natrialbales	169	38	238	138	62	260	173	138	57	102	229	99	120	85	68	131	153	158	120	141	85	156	142
Methanobacteriales	178740	86542	194964	2930	61578	16774	244919	186503	59212	3806	7704	385211	58118	76289	80789	130983	108443	30154	64862	106343	300789	14871	77136
Methanococcales	100	38	108	84	60	86	74	122	91	233	40	56	111	79	45	28	61	90	72	166	48	122	185
Methanocellales	42	53	155	48	62	16	103	26	7	17	245	72	80	12	28	71	122	33	15	87	35	107	94
Methanomicrobiales	108	45	363	138	185	191	119	198	114	163	202	168	149	150	145	71	66	85	74	137	122	193	104
Methanosarcinales	210	128	466	196	674	301	289	352	1532	399	369	318	453	360	229	177	207	235	286	246	207	366	351
Methanopyrales	0	1	0	1	0	3	0	0	0	1	1	0	1	3	0	0	0	1	0	2	0	9	0
Thermococcales	1062	154	498	387	225	203	629	421	469	379	267	581	334	834	370	971	302	423	503	331	794	413	469
Methanomassiliicoccales	102372	30545	14986	23524	215436	94829	84425	58047	288242	9514	907	49833	41615	208107	30996	146395	35544	201314	198775	2621	1007	19412	1243
Thermoplasmatales	219	129	999	119	728	651	673	595	682	1722	517	1054	1151	682	400	238	406	983	1073	1102	67	684	477
Candidatus Nitrosocaldales	0	2	0	0	1	0	0	0	0	1	0	0	0	0	0	0	0	0	0	0	2	0	0
Nitrososphaerales	4	2	3	28	13	7	37	13	2	12	0	10	5	0	0	7	1	1	14	2	1	18	0
Nitrosopumilales	2	2	3	0	16	1	0	0	0	2	5	0	11	4	7	1	10	5	12	2	1	5	1
Acidobacteriales	1118	461	1692	1688	630	1709	766	1279	1100	1239	1478	969	1041	2073	1071	1542	1378	1126	1072	692	1626	1510	1391
Solibacterales	146	72	344	186	208	123	479	362	128	351	361	168	405	489	68	170	392	126	141	98	51	294	334
Acidimicrobiales	66	27	36	86	54	35	130	47	27	29	259	56	164	80	23	66	442	35	25	84	39	216	30
Acidothermales	19	6	42	17	15	2	57	8	59	45	92	17	56	41	6	4	24	21	53	29	12	19	11
Actinomycetales	8948	1900	23774	3595	5027	5931	7669	5345	11585	5100	5160	7325	5231	27209	2488	2987	6240	5305	4425	7829	5482	5274	6497
Actinopolysporales	46	2	43	22	15	34	9	58	43	27	44	41	37	15	30	32	72	30	28	22	41	65	23
Bifidobacteriales	4844	2495	15950	3826	7925	8678	7686	6817	6345	6823	20152	7491	10063	77258	14854	13987	7572	5116	13811	7151	23101	8205	7802
Candidatus Nanopelagicales	34	10	147	27	66	109	45	72	174	64	151	79	102	180	65	55	54	42	93	46	44	167	127
Catenulisporales	19	67	323	105	60	346	119	174	61	35	153	135	43	47	46	80	12	129	54	122	42	58	113
Corynebacteriales	8743	3460	18350	9141	5959	13344	10381	11165	8151	8157	13852	10374	10173	15172	6431	4577	8921	8508	10002	10941	5925	8968	9345
Frankiales	547	255	803	459	216	547	586	657	465	464	1383	491	802	415	318	487	1552	526	416	476	529	958	572
Geodermatophilales	114	100	458	233	149	491	334	423	151	325	338	680	418	164	108	166	249	213	230	244	99	270	348
Glycomycetales	64	37	225	63	121	283	76	261	203	67	109	85	93	148	65	21	31	100	45	149	88	60	111
Jiangellales	76	53	387	91	173	324	168	108	102	38	613	269	178	182	43	80	376	105	94	211	100	191	159
Kineosporiales	46	17	117	20	74	18	32	13	13	22	59	45	38	59	13	2	11	17	32	118	17	20	24
Micrococcales	7862	3203	12448	7365	4690	10259	7917	7114	5303	5429	10701	9657	7196	9251	4743	6305	5788	6484	6574	7986	8064	7828	8214
Micromonosporales	810	710	1907	1651	752	1886	1695	1234	758	820	2619	1767	1858	1216	592	913	1788	656	1251	1590	747	1615	1609
Nakamurellales	24	11	122	220	61	86	97	120	87	111	77	124	67	182	28	27	39	50	290	41	38	97	78
Propionibacteriales	2013	1290	5108	2944	1804	3555	3713	3034	1907	2526	4423	3696	3121	3244	2139	1814	3330	1953	2849	3085	1887	3164	3495
Pseudonocardiales	1781	860	3306	1729	1141	2626	2189	2301	1324	1570	2603	2209	2036	1722	1751	1647	1449	1732	1624	2056	1538	1726	2206
Streptomycetales	7463	2691	10644	5629	3444	8507	7808	6789	4730	5109	9177	8218	6291	7725	4579	5598	7820	6413	6706	7292	5252	6420	6699
Streptosporangiales	991	374	1592	808	390	1350	948	844	439	857	1229	1241	569	1083	432	771	533	746	1022	908	814	731	1085
Coriobacteriales	107334	19467	146904	15189	38273	20265	31132	13370	19865	39342	18905	168787	90039	64119	119557	88268	44641	27335	46390	14596	8169	149961	222247
Eggerthellales	9568	5035	17835	6423	12004	13711	10148	10793	8923	7677	12973	13558	10128	12376	6883	7954	12263	12347	10499	10343	13289	11254	12371
Euzebyales	43	39	262	63	194	192	114	142	66	28	328	150	192	144	55	145	322	81	352	192	56	170	97
Rubrobacterales	790	165	322	427	127	271	316	212	138	339	553	501	272	284	205	165	454	166	219	324	179	323	354
Solirubrobacterales	102	55	250	92	80	267	177	154	79	40	500	164	187	113	74	90	368	71	95	252	50	196	165
Aquificales	51	22	118	160	131	57	110	113	53	117	94	142	182	111	13	52	65	81	140	67	145	119	107
Desulfurobacteriales	558	18	56	49	86	91	149	184	232	41	17	112	42	610	222	300	103	335	45	46	269	34	50
Chthonomonadales	70	7	157	104	112	132	45	81	146	60	147	162	79	106	125	85	59	43	285	82	19	41	85
Fimbriimonadales	27	19	143	18	28	38	75	69	55	20	173	131	34	86	10	21	46	18	19	28	27	66	93
Bacteroidales	478500	3052703	334511	660167	1852721	757405	1322500	752837	287943	389908	5422656	1545239	248895	910586	3229037	3398052	658968	774013	1457695	3103594	3266528	340781	347547
Marinilabiliales	356	327	286	558	455	353	745	443	328	578	377	1078	681	444	1091	574	332	357	1012	521	696	524	339
Chitinophagales	988	346	770	1094	726	875	922	1026	1485	1310	567	1999	1688	1297	2557	900	653	947	2021	857	766	1062	1141
Cytophagales	11174	2936	7296	16866	5435	5874	10940	8905	9935	10113	4500	17255	9557	14103	14163	13781	4906	9062	15698	6164	9303	9360	9388
Flavobacteriales	29580	23470	20083	36601	22759	14938	27119	25676	25116	30469	32440	58876	27818	34837	55664	44237	12499	20006	42437	25545	36241	25630	32625
Saprospirales	193	37	99	650	82	92	117	136	276	311	99	254	222	138	317	218	91	94	168	112	102	131	157
Sphingobacteriales	2497	734	1345	2428	1578	1022	2558	1920	2166	1599	1070	3213	2894	3007	2750	2821	986	1841	2144	1543	1933	1983	1622
Bacteroidetes Order II. Incertae sedis	1083	353	1033	1073	526	750	1338	853	716	504	1554	1095	856	735	928	638	889	536	1067	740	490	932	666
Caldisericales	52	1	5	115	6	1	0	4	33	9	1	3	25	35	0	1	1	8	4	1	0	0	1
Calditrichales	65	83	100	85	72	97	122	130	42	215	61	121	116	110	95	77	32	168	158	124	79	193	146
Chlamydiales	54	31	128	106	65	61	209	87	58	81	47	127	207	154	63	59	70	60	138	62	73	127	140
Parachlamydiales	101	14	150	132	85	74	53	66	100	84	30	143	102	115	335	91	24	31	93	40	47	58	100
Chlorobiales	1994	719	2139	2058	911	1388	1793	2044	1705	1398	1178	2355	1623	2483	2604	1965	1466	2269	2111	1852	1580	1922	1814
Anaerolineales	329	101	901	160	230	656	405	439	533	279	804	500	601	531	259	251	231	317	421	505	322	481	390
Ardenticatenales	231	60	329	122	89	427	238	172	153	123	207	451	104	159	71	171	79	78	684	206	91	270	216
Caldilineales	53	58	198	68	112	103	107	81	114	69	215	211	168	50	43	67	123	88	67	118	42	215	131
Chloroflexales	555	271	845	277	375	363	602	335	581	354	372	501	396	661	378	149	600	768	528	905	128	312	335
Dehalococcoidales	577	124	1462	179	778	1320	444	631	477	465	284	775	442	1481	281	463	233	563	530	358	949	444	566
Sphaerobacterales	86	80	460	103	68	118	183	87	130	68	392	215	124	169	88	103	128	112	431	178	67	130	220
Thermomicrobiales	56	16	242	51	54	185	71	246	148	88	65	90	87	102	88	41	84	192	57	161	68	29	81
Chrysiogenales	200	28	132	83	70	149	108	90	95	106	257	106	145	120	158	100	24	114	172	181	50	121	60
Coprothermobacterales	12	2	58	32	3	24	28	13	7	16	0	1	13	4	62	4	4	16	7	2	4	18	1
Gloeobacterales	104	139	274	195	107	356	320	145	168	41	428	198	139	180	175	216	243	155	180	223	162	286	204
Chroococcales	871	68	166	606	90	185	163	341	137	558	109	196	316	99	176	107	82	128	238	134	148	199	457
Chroococcidiopsidales	31	14	24	21	12	6	24	35	6	18	20	11	58	26	17	10	2	15	16	26	10	81	50
Gloeoemargaritales	37	6	65	34	7	31	9	13	24	39	16	15	10	42	1	10	58	5	45	3	2	31	37
Nostocales	1880	587	1210	4390	1146	1535	1087	1566	975	2941	560	1422	4283	1259	1284	373	1608	1680	1313	1694	827	1504	1746
Oscillatoriales	2916	228	542	2861	395	1141	720	1485	467	2123	641	349	1374	774	647	750	289	585	512	566	751	922	1567
Pleurocapsales	62	7	150	17	189	123	75	129	60	65	27	265	64	203	177	23	34	173	213	53	7	18	54
Synechococcales	2670	658	4199	2441	1659	3182	2080	2926	1859	2432	2511	2546	3060	2280	1867	1188	2297	2223	2423	1876	1333	2795	2478
Deferribacterales	143	36	155	113	602	207	127	115	124	171	87	204	220	115	79	48	150	79	292	81	99	185	203
Deinococcales	3051	1120	6711	2037	2564	4955	3420	5104	3154	2673	3180	3404	2851	3873	1810	1319	3652	4029	3057	3487	1591	2519	2810
Thermales	1311	492	2042	1439	629	1673	1318	1300	828	1091	2550	1426	1355	1446	828	972	2703	1204	1030	1671	610	1679	1417
Dictyoglomales	90	22	74	22	385	149	23	27	80	76	31	32	33	37	17	16	49	45	40	77	18	67	163
Elusimicrobiales	38	686	343	2958	23	592	11	4	64	2090	73	5	63	60	260	327	115	31	43	156	10	2087	25
Endomicrobiales	29	15	65	60	38	51	44	21	31	29	41	41	48	117	22	44	13	31	64	119	64	143	120
Fibrobacterales	168	63	181	662	105	193	654	3642	624	1122	264	919	1368	1133	118	73	197	348	380	130	84	403	256
Bacillales	19982	7859	30578	12766	19516	21730	19414	22058	14686	15559	21230	20671	19777	23159	14223	13042	15433	18656	19236	22144	13317	19116	20015
Lactobacillales	62826	27821	431566	73251	79270	98605	126796	170690	99357	49255	264380	55360	41488	220834	32028	315170	33785	132548	388967	57029	74938	173776	166060
Clostridiales	675899	597081	1448970	858616	1151197	1324938	1526591	1429103	738646	1086516	1169891	901954	752129	1335953	813601	2489822	941485	973939	1772436	969741	942813	772278	1113538
Halanaerobiales	140	89	198	73	106	244	166	160	203	147	220	128	96	230	188	141	89	126	260	119	167	190	303
Natranaerobiales	24	8	36	3	127	32	9	11	24	25	53	25	22	14	3	6	13	15	16	25	5	28	46
Thermoanaerobacterales	3393	1168	6644	1195	3702	4044	3272	3864	2404	2033	3180	3752	2658	4019	1631	924	4096	3490	3282	4625	1228	2384	2601
Erysipelotrichales	19732	3660	29507	5119	73902	22008	12460	10982	14820	11861	9788	11594	9001	20520	5697	9258	11365	11637	14521	10423	19700	14895	24267
Limnochordales	254	166	575	238	208	464	592	518	309	433	561	346	527	408	725	256	279	338	387	388	163	383	555
Acidaminococcales	26618	2063	3318	4194	16072	2842	3008	4107	1759	3183	2580	4239	3810	11627	53465	14167	2836	2603	7478	2002	1462	8099	12581
Selenomonadales	3808	2025	6388	3576	2564	3765	4255	4091	2252	3641	4088	5482	4533	5522	2388	2103	2496	2831	3818	4212	1225	5282	4337
Veillonellales	93615	2653	8607	14883	17812	4872	10761	4747	33239	12062	8281	124340	8027	97692	32911	16954	12603	5104	14809	3385	4262	10437	20320
Tissierellales	1671	378	1174	545	1110	898	803	705	1418	536	829	942	841	1396	432	596	597	441	960	532	1224	911	835
Fusobacteriales	829	1262	3116	4536	2526	796	449	777	1976	923	451	707	842	899	8714	88706	2118	2032	10199	895	9682	600	983
Gemmatimonadales	460	196	836	441	297	807	677	577	292	331	1081	463	441	430	284	397	906	395	246	495	349	529	404
Ignavibacteriales	140	94	146	112	504	170	47	155	134	181	30	82	120	70	49	30	88	84	103	81	36	169	147
Kiritimatiellales	281	143	187	530	136	203	290	234	284	476	193	192	254	299	145	60	298	433	350	384	75	182	318
Victivallales	7085	16200	4683	2259	3358	6790	13781	2291	3281	2575	51936	10448	4390	2769	218290	796549	5498	39994	64334	3025	6842	2270	2201
Nitrospirales	584	226	669	242	245	619	420	717	674	218	707	323	494	742	485	804	622	507	322	342	622	645	355
Phycisphaerales	59	19	123	125	63	90	136	120	83	151	114	190	151	88	45	30	31	61	52	115	33	183	124
Candidatus Brocadiales	103	33	185	36	66	368	81	75	22	101	315	86	166	57	14	58	450	78	73	177	21	177	118
Planctomycetales	2176	439	1788	1530	1691	1493	2219	2244	1461	1421	1411	1348	1619	2138	1895	834	1471	2014	1043	2000	499	2124	2263
Acidithiobacillales	161	92	598	164	172	516	231	372	159	109	204	482	293	230	96	126	46	247	238	184	121	108	295
Caulobacterales	964	477	1843	984	598	1451	1494	1495	773	1044	1689	1375	1233	1048	672	741	1719	836	1760	941	617	1416	1150
Holosporales	44	24	130	32	24	78	38	45	33	64	14	61	70	55	18	55	45	18	43	68	34	54	60
Magnetococcales	158	75	53	137	34	172	68	109	68	53	41	264	170	84	277	195	32	115	147	74	120	64	94
Parvularculales	44	8	37	24	29	24	27	26	44	28	91	7	79	30	1	23	97	25	10	39	19	86	18
Pelagibacterales	506	34	56	79	114	154	76	281	100	48	59	412	175	203	84	91	36	137	188	55	137	104	60
Rhizobiales	13824	5344	22917	15056	9267	17169	14632	15811	11698	12036	18492	16223	15515	17348	11069	11774	13423	12906	14418	14704	10370	14745	14810
Rhodobacterales	7008	2331	8518	4684	3469	7026	5796	5097	3821	4030	6246	5521	5075	6593	5072	5376	4230	4696	5487	5146	4143	5608	5813
Rhodospirillales	4305	1560	7425	4660	3361	5713	4826	4819	3237	3895	6642	4829	4666	4231	3445	2439	4549	3735	4029	4198	2089	4497	4848
Rickettsiales	1025	404	1543	136	497	568	954	949	668	425	318	885	564	1178	706	1030	1028	1382	766	1052	760	579	434
Sphingomonadales	6286	2343	9201	4619	2761	6393	6514	6813	4224	4527	6244	7625	5566	7771	5718	7807	4753	6389	5838	5050	5994	5201	6009
Burkholderiales	19653	6959	32543	23836	44489	23890	29826	19970	19977	18362	24642	22596	21309	46967	316215	21667	17900	23891	31983	20350	30785	20717	19454
Neisseriales	2881	910	4914	3090	1452	3574	2546	3244	2093	2120	3554	3356	2812	4024	2720	2366	3157	3364	2708	2883	2421	2943	2578
Nitrosomonadales	1722	622	2943	1818	1486	1781	2088	1997	1559	1382	1057	2320	1414	2308	1509	806	1810	2153	1651	2487	558	1510	1441
Rhodocyclales	1330	427	1601	1321	606	1137	1471	856	593	972	1804	1381	1180	1439	1283	1518	1769	915	1237	1119	1197	1575	1086
Bradymonadales	115	26	246	67	38	352	153	36	87	132	168	89	327	141	70	23	54	50	200	177	18	148	110
Desulfarculales	671	178	932	373	156	1232	594	874	402	465	744	393	245	476	204	346	516	583	256	481	249	321	472
Desulfobacterales	1825	501	2290	1309	1038	1898	1759	1339	1089	1367	2215	1632	1977	1762	936	1011	2925	1546	1828	1837	745	2064	1497
Desulfovibrionales	126646	61584	78959	84484	78450	316759	129542	110531	113071	115154	46346	112650	101723	142476	181357	134506	74405	147592	131884	87972	298745	96903	127883
Desulfurellales	79	19	84	32	31	24	14	32	12	41	20	22	39	40	79	6	41	31	65	26	16	40	28
Desulfuromonadales	4335	1553	6330	3160	2395	5080	4312	4299	3543	3220	4150	4253	3841	4986	4293	4166	3415	4495	3302	4501	3768	3523	4239
Myxococcales	3343	1629	6933	4969	2534	6178	4114	4469	3103	3278	5806	6819	4620	4593	2171	2316	3273	3904	3968	4912	1868	4041	4460
Syntrophobacterales	179	76	662	473	375	887	199	291	238	412	369	370	419	589	159	374	274	202	234	390	192	521	422
Campylobacterales	35534	23099	16725	8592	26789	19720	9898	9286	11544	12258	10888	17714	15061	15165	21169	60236	21434	13585	46005	30399	24345	13809	26492
Nautiliales	40	11	23	22	17	34	2	52	8	16	13	44	16	28	2	2	10	2	32	0	12	18	17
Acidiferrobacterales	262	199	547	467	213	369	449	461	438	356	529	250	602	280	184	227	195	274	388	235	178	261	301
Aeromonadales	2612	645	3395	2375	883	2647	2025	2186	1495	1822	2215	1966	2466	2374	1942	2105	1764	1850	1805	1647	1547	2361	1830
Alteromonadales	2384	936	2565	2834	2329	2399	2077	2650	1649	2521	2223	3075	3563	2986	2568	2593	8331	2174	2159	1968	2047	2806	2695
Cardiobacteriales	3	10	16	11	77	11	20	29	13	15	38	23	15	83	28	14	6	1	30	11	3	6	11
Cellvibrionales	1205	215	1193	940	500	932	762	610	1057	713	1058	758	970	905	1200	866	683	595	934	599	424	903	841
Chromatiales	3111	1020	3381	2185	1304	3762	3150	3010	2190	2166	4189	2994	2975	2771	2142	2561	4446	2512	2576	2446	2041	3207	2845
Enterobacterales	264178	127147	518639	114126	279681	467896	97814	12389	50674	14446	226144	17853	95600	105341	908449	4165431	64853	254302	749435	20986	265961	191555	10586
Immundisolibacterales	19	20	163	13	37	49	36	37	35	23	213	24	49	79	87	48	6	46	28	45	54	48	50
Legionellales	548	82	274	234	217	249	506	170	269	246	235	294	332	397	484	230	195	309	376	335	140	418	295
Methylococcales	1434	285	1096	808	341	734	747	511	533	624	929	597	1037	1178	864	1220	268	708	705	569	931	866	516
Nevskiales	81	61	306	204	103	294	293	135	85	83	182	175	130	150	138	128	50	85	189	264	68	225	212
Oceanospirillales	3438	1345	4125	3183	1624	3234	2960	2981	1999	2496	3779	3223	2887	3125	2254	2080	4009	2514	2417	3518	2069	3549	2825
Orbales	10	4	15	16	64	17	32	42	29	38	17	20	71	125	17	53	5	10	36	10	26	74	15
Pasteurellales	2003	1400	2335	14192	2537	1681	1841	2170	4222	1362	15825	1922	2129	3258	1895	9923	2472	2453	3224	3902	1751	1574	2582
Pseudomonadales	8499	3280	11517	8993	4889	11084	8735	9179	6253	8381	9223	8778	8899	9420	7074	7445	6213	7492	8468	6985	6608	10417	9142
Salinisphaerales	78	7	40	31	31	33	85	35	34	37	330	38	119	76	14	147	359	23	68	179	21	142	74
Thiotrichales	721	284	1033	300	376	548	782	896	505	498	206	722	637	801	790	205	846	1024	644	1141	151	418	241
Vibrionales	1439	571	1268	1668	866	1291	1265	1374	938	1455	854	2480	1738	1471	1096	824	806	1246	1451	1174	668	1160	1269
Xanthomonadales	4017	1670	6412	5334	2353	5029	4176	5341	3557	4391	4077	5708	4025	5116	3625	3485	3455	5124	3979	4721	3055	3673	4016
Hydrogenophilales	531	10	102	109	87	223	54	87	81	76	22	134	97	41	31	20	25	64	31	53	32	36	43
Bacteriovoracales	397	49	152	89	83	53	46	36	141	160	36	238	158	266	260	498	52	295	334	99	394	70	109
Bdellovibrionales	348	28	267	34	70	110	75	160	50	250	143	158	212	63	100	61	71	62	151	42	66	96	74
Mariprofundales	129	127	92	97	82	131	154	129	68	121	141	71	118	174	78	61	25	61	107	66	49	215	66
Brachyspirales	312	66	462	805	165	365	200	403	13405	214	42	377	366	127	79	80	78	112	242	138	383	504	211
Spirochaetales	17657	36037	14667	9279	8577	15300	4419	10857	14384	20649	3341	6978	407750	13579	6665	5624	12538	8687	10104	38630	3739	17129	5340
Synergistales	107355	23013	34101	33180	18708	14418	67707	33733	133860	49805	153639	32134	17943	58906	52863	126984	48628	28608	88622	396329	530179	37929	63669
Acholeplasmatales	315	139	1012	167	463	956	421	622	272	200	230	407	370	332	172	117	138	515	676	303	310	639	605
Entomoplasmatales	1010	169	518	86	387	447	492	440	398	573	147	335	392	491	323	111	408	619	695	512	96	597	614
Mycoplasmatales	1702	571	2205	330	1057	1235	1300	1550	968	1279	494	1478	1057	1612	1201	448	1437	1631	1380	1576	314	725	834
Thermodesulfobacteriales	32	91	15	16	18	25	12	6	229	16	7	8	33	45	20	3	17	16	31	74	29	15	27
Kosmotogales	107	8	38	101	30	41	60	44	19	32	13	95	56	13	81	12	10	12	37	13	59	32	20
Petrotogales	38	17	44	37	89	46	25	49	80	49	22	16	70	28	17	23	43	39	49	43	21	53	79
Thermotogales	836	139	624	149	400	673	318	397	415	239	290	837	404	577	334	1009	260	492	522	476	490	233	334
Methylacidiphilales	3	7	5	7	1	7	7	27	6	10	12	40	24	10	32	6	47	5	6	10	6	20	10
Opitutales	1327	481	1510	1618	558	1570	1514	1699	1378	1307	1333	1414	1269	1311	916	855	630	1162	1192	964	629	1133	1464
Puniceicoccales	165	58	104	81	55	57	81	48	40	47	84	75	47	106	43	55	24	54	104	86	40	56	63
Verrucomicrobiales	448	1205	1274	1071	3564	1299	1002	1068	1112	828	442597	1379	1473	672	628	492	438	847	2051	1053	76730	911	924
Bunyavirales	0	2	2	4	1	0	2	1	1	21	0	0	6	3	0	0	3	0	1	4	0	1	3
Caudovirales	507	61245	16500	1198	40524	913	639	384	23402	394394	3585	2045	15839	1664	86502	115725	21911	153682	39349	1002525	52811	45531	736
Herpesvirales	53	56	4	30	18	12	103	29	7	77	218	42	92	5	22	1	278	5	9	26	35	80	19
Ligamenvirales	0	0	0	0	0	0	0	0	1	0	0	0	0	0	0	0	0	0	0	0	0	0	0
Mononegavirales	0	1	1	0	0	3	2	2	0	3	0	0	5	0	5	0	0	0	0	0	1	0	0
Nidovirales	0	0	0	0	0	0	0	0	0	3	0	0	0	0	0	0	0	0	0	0	0	0	0
Ortervirales	20	26	35	18	26	18	20	18	18	13	14	50	19	43	13	38	24	21	12	19	23	25	12
Picornavirales	0	0	0	0	0	0	1	0	1	2	2	0	16	3	0	0	0	0	0	0	1	1	1
Tymovirales	2	0	3	10	0	0	4	6	0	7	1	3	0	5	0	1	3	3	3	0	0	14	12
