Taxonomy	GXH_2074	GXH_3303	GXH_3593	GXH_2631	GXH_2742	GXH_4036	GXH_1390	GXH_3170	GXH_1860	GXH_2301	GXH_1634	GXH_1635	GXH_2741	GXH_1176	GXH_3392	GXH_3174	GXH_2520	GXH_3171	GXH_913	GXH_3806	GXH_695	GXH_3384	GXH_1389
Methanobrevibacter_smithii	2.30178	1.61821	7.90722	0.90987	3.65885	1.43755	1.24026	0.08542	7.46655	5.77614	8.81334	5.66065	5.09252	4.45976	1.06134	0.55451	0.10319	8.03736	2.29577	3.37242	0.4518	0.08793	1.61479
Actinomyces_denticolens	0	0	0	0	0	0	0.30715	0.01704	0.02871	0	0	0	0.53564	0.26669	0.02222	0	0	0.05801	0	0.01712	0.00636	0	0.02556
Actinomyces_nasicola	0	0	0	0	0	0	0	0	0	0	0	0	0	0	0	0	0	0	0	0	0	0	0
Bifidobacterium_adolescentis	0	0	0	0	0	0.11973	1.26212	0	0	0	0	0	0	0	0	0	0	0	0	0	0	0	0
Bifidobacterium_animalis	0.19377	0	0	0	0	0	0	0	0	0	0	0	0	0	0	0	0	0	0	0	0	0	0
Bifidobacterium_boum	0	0	0	0.01365	0	0	0.01289	0	0	0	0	0	0	0	0	0	0	0	0	0	0	0	0
Bifidobacterium_mongoliense	0	0	0	0	0	0	0	0	0	0	0	0	0	0	0	0	0	0	0	0	0	0	0
Bifidobacterium_pseudolongum	0	0	0.38341	0.06075	0	0	0.03367	0	0	0	0	0	0	0	0	0	0	0	0	0	0	0	0
Bifidobacterium_thermacidophilum	0	0	0	0	0	0	0	0	0	0	0	0	0	0	0	0	0.02678	0	0	0	0	0	0
Bifidobacterium_thermophilum	0	0	0	0	0	0	0	0	0	0	0	0	0	0	0	0	0	0	0	0	0	0	0
Bifidobacterium_tsurumiense	0	0	0	0	0	0	0	0	0	0	0	0	0	0	0	0.0148	0.68579	0	0	0	0	0	0
Corynebacterium_ammoniagenes	0	0	0	0	0	0	0	0	0	0	0	0	0	0	0	0	0	0	0	0	0	0	0
Corynebacterium_amycolatum	0	0	0	0	0	0	0	0	0	0	0	0	0	0	0	0	0	0	0	0	0	0	0
Corynebacterium_casei	0	0	0	0	0	0	0	0	0	0	0	0	0	0	0	0	0	0	0	0	0	0	0
Corynebacterium_efficiens	0	0	0	0	0	0	0	0	0	0	0	0	0	0	0	0	0	0	0	0	0	0	0
Corynebacterium_flavescens	0	0	0	0	0	0	0	0	0	0	0	0	0	0	0	0	0	0	0	0	0	0	0
Corynebacterium_freneyi	0	0	0	0	0	0	0	0	0	0	0	0	0	0	0	0	0	0	0	0	0	0	0
Corynebacterium_glutamicum	0	0	0	0	0	0	0	0	0	0	0	0	0	0	0	0	0	0	0	0	0	0	0
Corynebacterium_maris	0	0	0	0	0	0	0	0	0	0	0	0	0	0	0	0	0	0	0	0	0	0	0
Corynebacterium_nuruki	0	0	0	0	0	0	0	0	0	0	0	0	0	0	0	0	0	0	0	0	0	0	0
Corynebacterium_pollutisoli	0	0	0	0	0	0	0	0	0	0	0	0	0	0	0	0	0	0	0	0	0	0	0
Corynebacterium_stationis	0	0	0	0	0	0	0	0	0	0	0	0	0	0	0	0	0	0	0	0	0	0	0
Corynebacterium_testudinoris	0	0	0	0	0	0	0.00167	0	0	0	0	0	0	0	0	0	0	0	0	0	0	0	0
Corynebacterium_urealyticum	0	0	0	0	0	0	0	0	0	0	0	0	0	0	0	0	0	0	0	0	0	0	0
Corynebacterium_variabile	0	0	0	0	0	0	0.00077	0	0	0	0	0	0	0	0	0	0	0	0	0	0	0	0
Corynebacterium_xerosis	0	0	0	0	0	0	0.0086	0	0	0	0	0	0	0.01469	0	0	0	0	0	0	0	0	0
Lawsonella_clevelandensis	0	0	0	0	0	0	0	0	0	0	0	0	0	0	0	0	0	0	0	0	0	0	0
Dietzia_alimentaria	0	0	0	0	0	0	0	0	0	0	0	0	0	0	0	0	0	0	0	0	0	0	0
Dietzia_cinnamea	0	0	0	0	0	0	0	0	0	0	0	0	0	0	0	0	0	0	0	0	0	0	0
Dietzia_maris	0	0	0	0	0	0	0	0	0	0	0	0	0	0	0	0	0	0	0	0	0	0	0
Rhodococcus_biphenylivorans	0	0	0	0	0	0	0	0	0	0	0	0	0	0	0	0	0	0	0	0	0	0	0
Rhodococcus_hoagii	0	0	0	0	0	0	0	0	0	0	0	0	0	0	0	0	0	0	0	0	0	0	0
Rhodococcus_pyridinivorans	0	0	0	0	0	0	0	0	0	0	0	0	0	0	0	0	0	0	0	0	0	0	0
Brevibacterium_iodinum	0	0	0	0	0	0	0	0	0	0	0	0	0	0	0	0	0	0	0	0	0	0	0
Brachybacterium_muris	0	0	0	0	0	0	0	0	0	0	0	0	0	0	0	0	0	0	0	0	0	0	0
Enteractinococcus_helveticum	0	0	0	0	0	0	0	0	0	0	0	0	0	0	0	0	0	0	0	0	0	0	0
Glutamicibacter_mysorens	0	0	0	0	0	0	0	0	0	0	0	0	0	0	0	0	0	0	0	0	0	0	0
Glutamicibacter_soli	0	0	0	0	0	0	0	0	0	0	0	0	0	0	0	0	0	0	0	0	0	0	0
Kocuria_palustris	0	0	0	0	0	0	0	0	0	0	0	0	0	0	0	0	0	0	0	0	0	0	0
Micrococcus_aloeverae	0	0	0	0	0	0	0	0	0	0	0	0	0	0	0	0	0	0	0	0	0	0	0
Micrococcus_luteus	0	0	0	0	0	0	0	0	0	0	0	0	0	0	0	0	0	0	0	0	0	0	0
Micrococcus_lylae	0	0	0	0	0	0	0	0	0	0	0	0	0	0	0	0	0	0	0	0	0	0	0
Micrococcus_terreus	0	0	0	0	0	0	0	0	0	0	0	0	0	0	0	0	0	0	0	0	0	0	0
Rothia_nasimurium	0	0	0	0	0	0	0.00074	0	0	0	0	0	0	0	0	0	0	0	0	0	0	0	0
Cellulosimicrobium_cellulans	0	0	0	0	0	0	0	0	0	0	0	0	0	0	0	0	0	0	0	0	0	0	0
Ruaniaceae_bacterium_KH17	0	0	0	0	0	0	0	0	0	0	0	0	0	0	0	0	0	0	0	0	0	0	0
Tessaracoccus_aquimaris	0	0	0	0	0	0	0	0	0	0	0	0	0	0	0	0	0	0	0	0	0	0	0
Tessaracoccus_flavescens	0	0	0	0	0	0	0	0	0	0	0	0	0	0	0	0	0	0	0	0	0	0	0
Streptomyces_albus	0	0	0	0	0	0	0	0	0	0	0	0	0	0	0	0	0	0	0	0	0	0	0
Streptomyces_koyangensis	0	0	0	0	0	0	0	0	0	0	0	0	0	0	0	0	0	0	0	0	0	0	0
Nocardiopsis_alba	0	0	0	0	0	0	0	0	0	0	0	0	0	0	0	0	0	0	0	0	0	0	0
Atopobium_deltae	0	0	0	0	0	0	0	0	0	0	0	0.00222	0	0	0	0	0	0	0	0	0	0	0
Olsenella_profusa	0	0	0	0	0	0	0	0	0	0	0	0	0	0	0	0	0	0	0	0	0	0	0
Olsenella_scatoligenes	0	0	0	0.23587	0	0	0	0	0	0	0	0	0	0.01152	0	0	0.00606	0	0	0	0	0	0
Collinsella_aerofaciens	2.12258	2.04287	0.08863	0.22429	0.9599	2.73152	2.34617	0.68245	3.41838	0.14089	1.01922	6.02502	1.33837	9.08342	1.09833	0.56475	0.03892	7.84852	5.50006	0.30347	10.17279	1.96939	8.26242
Collinsella_intestinalis	0.00149	0	0	0	0	0.00714	0	0	0	0	0	0	0	0	0	0	0	0	0	0	0	0	0
Collinsella_stercoris	0.00085	0	0	0	0	0.00629	0	0	0.00138	0	0	0.00851	0	0	0	0	0	0.00555	0.01546	0	0.01422	0	0.00876
[Collinsella]_massiliensis	0.00484	0	0	0	0	0	0	0	0	0	0	0	0	0.01072	0	0	0	0	0	0	0	0	0
Eggerthella_lenta	0	0	0.0666	0	0	0	0	0	0	0	0	0	0	0	0	0	0	0	0	0	0	0	0
Gordonibacter_pamelaeae	0	0	0.00147	0	0	0	0	0	0	0	0	0	0	0	0	0	0	0	0	0	0	0	0
Slackia_isoflavoniconvertens	0.20761	0.41363	0.24993	0	0	0	0.1083	0	0	0.05646	0.05888	0	0.00938	0	0.05025	0.06292	0	0.21762	0.01668	0	0.38552	0.01024	0
Bacteroides_caccae	0	0	0	0	0	0	0	0	0	0	0.09788	0	0	0	0	0	0	0	0	0	0	0	0
Bacteroides_cellulosilyticus	0	0	0	0	0	0	0	0	0	0	0	0	0	0	0.01538	0.01656	0	0	0	0	0	0	0
Bacteroides_coprophilus	0	0	0.00956	0.0087	0	0.00252	0	0	0	0	0	0	0	0	0	0	0	0	0	0.00236	0	0	0
Bacteroides_eggerthii	0.05121	0	0	0	0	0	0	0	0	0.21234	0	0.00175	0	0.2738	0	0	0	0	0	0	0	0	0
Bacteroides_fluxus	0	0	0.2626	0.02336	0.23149	0	0	0.03296	0	0	0	0.00248	0	0.07012	0	0	0	0	0	0.00492	0	0	0
Bacteroides_fragilis	0.08703	0	18.56418	0.44246	22.12565	3.38884	0.11955	0	0	0	0.00751	0.09983	0	0.30697	2.93997	0.00854	6.4906	0.01856	0	0.61645	0	0	0
Bacteroides_graminisolvens	0	0	0	0	0	0	0	0	0	0	0	0	0	0	0	0	0	0	0	0	0	0	0
Bacteroides_heparinolyticus	0	0	0.02929	0	0	0	0	0	0	0.00079	0	0	0.01844	0	0	0	0	0	0	5.43644	0	0	0.0245
Bacteroides_intestinalis	0	0	0	0	0	0	0	0	0.0076	0	0	0.00307	0	0	0	0	0.00124	0	0	0	0	0	0
Bacteroides_nordii	0	0	0.00075	0	0	0	0	0	0	0	0	0	0	0	0	0	0.00696	0	0	0	0	0	0
Bacteroides_ovatus	0	0	0	0	0	0	0	0	0.00263	0	0	0	0	0	0.009	0	0.00275	0	0	0	0	0	0
Bacteroides_plebeius	0.09781	0	0	0	0.04461	0	0	0	0	0	0.08177	0	0	0.65486	0.16656	0.00287	0.06634	0	0.00736	0	0	0	0
Bacteroides_pyogenes	0	0	3.09903	1.27028	0.06868	0.00507	0.0369	0	0	0.0883	0.26691	0	0	0	0	0	0.04114	0	0	0	0	0	0
Bacteroides_sp_CAG_598	0.01134	0.04092	0.09768	0	0.01202	0	0.00108	0	3.99363	0	0	0	0	0.82931	0	2.54219	0.78637	0.01348	0.10498	0	0	0	0.00295
Bacteroides_stercoris	0.42982	0	0.34365	0.03336	0.04365	0	0	0	0	0	0	0	0	0	0	0	0	0	0	0	0	0	0
Bacteroides_thetaiotaomicron	0	0	1.03601	0.9576	3.62706	0	0	0	0	0.01248	0.04687	0	0	0	0.04904	0	1.90898	0	0	1.15141	0	0	0
Bacteroides_uniformis	0.25288	0.05046	1.70004	0.39533	0.04852	0.03969	0.08193	0.01865	0.12505	4.65717	1.7936	3.09818	0.00455	0.64265	0.06625	0.21533	1.1414	0	0.00344	0.40609	0.00446	0.01569	0.02372
Bacteroides_vulgatus	0.69779	0.19201	3.70324	3.53984	6.72417	7.00747	0.24404	0.11333	2.30642	0.88446	4.28195	0.24497	0.10037	0.18024	0.21265	0.73777	3.58304	0.09274	0	2.29234	0.06061	0.00921	0.06486
Bacteroides_xylanisolvens	0.07158	0	0.00304	0	0.01763	0	0	0.00316	0	0.11249	0.59146	0.03767	0	0.021	0	0.00821	0	0	0	0	0	0	0
Barnesiella_intestinihominis	0	0	0	0.01205	0	0	0	0	0	0	0	0	0	0	0	0	0	0	0	0	0	0	0
Butyricimonas_synergistica	0	0	0.00074	0	0.00169	0.00471	0	0	0	0	0	0.00196	0	0	0	0	0.00029	0	0	0	0	0	0
Butyricimonas_virosa	3.09239	1.12176	9.9293	0.87489	1.83595	3.03538	0.49865	1.73057	0.64245	0.20378	0.35535	0.77183	0.24432	2.97375	0.29221	0.63372	0.603	0.03634	0.88205	2.65219	0.27951	0.80761	0.18864
Paludibacter_sp_47_17	0	0	0	0	0	0	0	0	0	0	0	0	0	0	0	0	0	0	0	0	0	0	0
Petrimonas_mucosa	0	0	0	0	0	0	0	0	0	0	0	0	0	0	0	0	0	0	0	0	0	0	0
Porphyromonas_canoris	0	0	0	0	0	0	0	0	0	0	0	0	0	0	0	0	0	0	0	0.26228	0	0	0.00123
Sanguibacteroides_justesenii	0.41926	0.13132	0.07045	0.21966	0.21045	0.96523	0.0845	0.09362	0.40277	0.06006	0.12692	0.1824	0.3015	0.18908	0.11891	0.03791	0.71004	0.22917	0.05693	0.20714	0.08238	0.04398	0.05965
Prevotella_copri	0.03232	0	0	0	0	0.02235	0.29686	0	0	0	0	0.50919	0	0	0	0	0	0	0.26719	0	2.3647	0.1786	0.03632
Prevotella_sp_AM42_24	0	0	0	0	0	0	0	0	0	0	0	0	0	0	0	0	0	0	0	0	0	0	0
Prevotella_sp_CAG_1031	0	0	0	0	0	0	0	0	0	0	0	0	0	0	0	0	0	0	0	0	0	0	0
Prevotella_sp_CAG_1092	0	0	0	0	0	0	0	0	0	0	0	0	0	0	0	0	0	0	0	0	0	0	0
Prevotella_sp_CAG_279	0.02524	0.02386	0	0	0	0	0	0.59262	0	0.13098	0	2.4977	0	0	0	0	0.01049	0	0	0.01937	0	0	0
Prevotella_sp_CAG_485	0	0	0	0	0	0	0	0	0.05271	0	0	0	0	0	0	0	0	0.89395	0	0	0	0	0
Prevotella_sp_CAG_520	0.55217	1.01265	0.01144	1.34745	0.07331	1.57625	16.79604	63.4545	0.41731	16.66495	5.38512	51.21364	0.76338	2.92119	0	2.73161	0	7.78298	14.89811	1.80019	10.98544	50.75978	20.10395
Prevotella_sp_CAG_873	0.14233	0.58411	4.40706	62.57094	3.34364	11.79125	2.42269	1.64802	1.02214	0.30011	4.92712	0.17959	8.3894	0.03374	0	0.07344	1.20118	0.008	1.06609	1.3955	0.00868	9.57888	27.21504
Prevotella_sp_P2_180	0	0	0	0	0	0	0.15502	0.01007	0	0	0	0	0	0.00452	0.00429	2.51207	0	0	0.59436	0	0.24231	0.62554	0.10713
Prevotella_sp_P3_122	0	0	0	0	0	0	0.00263	0	0	0	0.00254	0.39651	0	0	0	0.01267	0	0	0.19148	0	0.01169	0.00994	0
Prevotella_sp_P5_92	0	0	0	0	0	0	0.04892	0.00915	0	0	0	0.00124	0	0	0.01309	1.25957	0	0	0.92886	0	1.48015	0.87935	8e-04
Prevotella_stercorea	0.01872	0.03024	0	0.04023	0	0.06419	0.49266	1.89729	0.01018	0.56975	0.19749	1.41088	0.01493	0.07817	0	0.08486	0	0.16937	0.58496	0.03668	0.39646	1.7017	0.81701
Alistipes_indistinctus	0.01357	0.01403	0	0	0	0	0	0	0.01092	0	0	0.05925	0.01814	0.00675	0	0	2.75032	0	0	0.21101	0	0	0
Alistipes_putredinis	0.00294	0	0.21958	0.46276	0.03708	0	0	0	0.09651	0	0	0.04673	0	0	0	0	0.11937	0	0	0	0	0	0
Alistipes_shahii	7.37372	8.10751	7.87746	1.69571	24.39591	10.21544	7.76166	0.88366	2.09346	1.94513	1.04711	2.82388	4.01582	1.6438	2.92903	0.41702	1.86344	2.06286	0.01429	12.4574	4.21866	0.57217	0.69282
Parabacteroides_chinchillae	0	0	0.04853	0	0	0.00156	0	0	0	0	0	0	0.00855	0	0	0	0	0	0	0	0	0	0
Parabacteroides_distasonis	6.19779	10.58674	0.52029	3.47988	0.48914	2.6601	0.18253	0.01921	12.10354	1.92319	4.77667	2.64594	0.04704	0.56027	10.14132	0.92322	36.10431	3.46231	0	18.21181	0.03996	0.12472	0.25198
Parabacteroides_goldsteinii	0	0.35967	0	0.72364	0.02114	0.00092	0.24939	0.01001	0.68693	1.41625	0.87287	1.12161	1.40972	0.16251	0.49804	7.50541	2.62965	0	0	0.38744	0	0	0
Parabacteroides_gordonii	0	0	0.01861	0	0	0	0.00982	0	0	0	0	0	0	0	0	0	0	0	0	0	0	0	0
Parabacteroides_johnsonii	0	0	0	0	0	0	0	0	0	0	0	0	0	0	0	0	0	0	0	0	0	0	0
Parabacteroides_merdae	0.20177	0.89605	1.98903	0.31388	0.62865	0.17267	0.01522	0.08049	0.08312	0.01209	0	0.19594	0.22302	1.19915	0.25261	0.03598	0.85346	0.17157	0	0	0	0.03413	0.00364
Parabacteroides_sp_CAG_409	0.07862	0.23447	0	0.0085	0.83647	0.09228	0.35983	0	0	12.42713	1.56754	1.32542	1.09122	0.26361	0	0	0	1.47231	4.89705	2.86723	0.71628	0.05691	0.21322
Chryseobacterium_sp_YLOS41	0	0	0	0	0	0	0	0	0	0	0	0	0	0	0	0	0	0	0	0	0	0	0
Myroides_odoratimimus	0	0	0	0	0	0	0	0	0	0	0	0	0	0	0	0	0	0	0	0	0	0	0
Myroides_xuanwuensis	0	0	0	0	0	0	0	0	0	0	0	0	0	0	0	0	0	0	0	0	0	0	0
Sphingobacterium_cellulitidis	0	0	0	0	0	0	0	0	0	0	0	0	0	0	0	0	0	0	0	0	0	0	0
Sphingobacterium_lactis	0	0	0	0	0	0	0	0	0	0	0	0	0	0	0	0	0	0	0	0	0	0	0
Sphingobacterium_mizutaii	0	0	0	0	0	0	0	0	0	0	0	0	0	0	0	0	0	0	0	0	0	0	0
Sphingobacterium_wenxiniae	0	0	0	0	0	0	0	0	0	0	0	0	0	0	0	0	0	0	0	0	0	0	0
Chlamydia_suis	0	0	0	0	0	0	0	0	0	0	0	0	0	0	0	0	0	0	0	0	0	0	0
Fibrobacter_intestinalis	0	0.00888	0	0	0	0	0.02948	0	0.0014	0.08674	0.00689	0.00234	0	0	0	0	0	0	0.07602	0	0.00439	0	0
Fibrobacter_sp_UWH4	0	0	0	0	0	0	0	0	0	0	0	0	0	0	0	0	0	0	0	0	0	0	0
Gemella_asaccharolytica	0	0	0	0	0	0	0	0	0	0	0	0	0	0	0	0	0	0	0	0	0	0	0
Caryophanon_tenue	0	0	0	0	0	0	0	0	0	0	0	0	0	0	0	0	0	0	0	0	0	0	0
Jeotgalicoccus_halophilus	0	0	0	0	0	0	0	0	0	0	0	0	0	0	0	0	0	0	0	0	0	0	0
Jeotgalicoccus_halotolerans	0	0	0	0	0	0	0	0	0	0	0	0	0	0	0	0	0	0	0	0	0	0	0
Jeotgalicoccus_sp	0	0	0	0	0	0	0	0	0	0	0	0	0	0	0	0	0	0	0	0	0	0	0
Salinicoccus_qingdaonensis	0	0	0	0	0	0	0	0	0	0	0	0	0	0	0	0	0	0	0	0	0	0	0
Salinicoccus_sediminis	0	0	0	0	0	0	0	0	0	0	0	0	0	0	0	0	0	0	0	0	0	0	0
Staphylococcus_arlettae	0	0	0	0	0	0	0	0	0	0	0	0	0	0	0	0	0	0	0	0	0	0	0
Staphylococcus_cohnii	0	0	0	0	0	0	0	0	0	0	0	0	0	0	0	0	0	0	0	0	0	0	0
Staphylococcus_equorum	0	0	0	0	0	0	0	0	0	0	0	0	0	0	0	0	0	0	0	0	0	0	0
Staphylococcus_nepalensis	0	0	0	0	0	0	0	0	0	0	0	0	0	0	0	0	0	0	0	0	0	0	0
Staphylococcus_saprophyticus	0	0	0	0	0	0	0	0	0	0	0	0	0	0	0	0	0	0	0	0	0	0	0
Staphylococcus_sciuri	0	0	0	0	0	0	0	0	0	0	0	0	0	0	0	0	0	0	0	0	0	0	0
Staphylococcus_xylosus	0	0	0	0	0	0	0	0	0	0	0	0	0	0	0	0	0	0	0	0	0	0	0
Aerococcaceae_bacterium	0	0	0	0	0	0	0	0	0	0	0	0	0	0	0	0	0	0	0	0	0	0	0
Aerococcus_urinaeequi	0	0	0	0	0	0	0	0	0	0	0	0	0	0	0	0	0	0	0	0	0	0	0
Aerococcus_viridans	0	0	0	0	0	0	0	0	0	0	0	0	0	0	0	0	0	0	0	0	0	0	0
Facklamia_ignava	0	0	0	0	0	0	0	0	0	0	0	0	0	0	0	0	0	0	0	0	0	0	0
Globicatella_sanguinis	0	0	0	0	0	0	0	0	0	0	0	0	0	0	0	0	0	0	0	0	0	0	0
Globicatella_sulfidifaciens	0	0	0	0	0	0	0	0	0	0	0	0	0	0	0	0	0	0	0	0	0	0	0
Jeotgalibaca_sp_PTS2502	0	0	0	0	0	0	0	0	0	0	0	0	0	0	0	0	0	0	0	0	0	0	0
Bavariicoccus_seileri	0	0	0	0	0	0	0	0	0	0	0	0	0	0	0	0	0	0	0	0	0	0	0
Enterococcus_asini	0	0	0	0	0	0	0	0	0	0	0	0	0	0	0	0	0	0	0	0	0	0	0
Enterococcus_avium	0	0	0	0	0	0	0	0	0	0	0	0	0	0	0	0	0	0	0	0	0	0	0
Enterococcus_canintestini	0	0	0	0	0	0	0	0	0	0	0	0	0	0	0	0	0	0	0	0	0	0	0
Enterococcus_casseliflavus	0	0	0	0	0	0	0	0	0	0	0	0	0	0	0	0	0	0	0	0	0	0	0
Enterococcus_cecorum	0	0	0.04915	0	0	0.43532	0	0	0	0	0.00757	0.15886	0	0.17652	0.0115	0	0	0.78026	0	0	0	0	0
Enterococcus_faecalis	0	0	0	0	0	0	0	0	0	0	0	0	0	0	0	0	0	0	0	0	0	0	0
Enterococcus_faecium	0	0	0	0	0	0	0	0	0	0	0	0	0	0	0	0	0	0	0	0	0	0	0
Enterococcus_gallinarum	0	0	0	0	0	0	0	0	0	0	0	0	0	0	0	0	0	0	0	0	0	0	0
Enterococcus_hirae	0	0	0	0	0	0	0	0	0	0	0	0	0	0	0	0	0	0	0	0	0	0	0
Enterococcus_raffinosus	0	0	0	0	0	0	0	0	0	0	0	0	0	0	0	0	0	0	0	0	0	0	0
Lactobacillus_agilis	0	0	0	0	0	0	0	0	0	0	0	0	0	0	0	0	0	0	0.03578	0	0	0	0
Lactobacillus_amylovorus	10.20257	0.97025	0.21481	0.00546	0.01894	1.77441	0.81646	0.81015	0.01676	0	0.05115	0.02815	0.0785	0.21177	0.01779	0.01076	0.02219	0.01919	0	0.02266	0.20409	0.07117	0.49669
Lactobacillus_brevis	0	0	0	0	0	0	0	0	0	0	0	0	0	0	0	0	0	0	0	0	0	0	0
Lactobacillus_delbrueckii	0	0.04359	0.02279	0.00499	0.04357	0.02471	0.50928	0.16731	0.11726	0.55948	0.15009	0	0.41201	0.33515	0.02985	0.05769	0.23878	0.0499	0.01083	0.27295	0.13231	0.10179	0.19443
Lactobacillus_farciminis	0	0	0	0	0	0	0	0	0	0	0	0	0	0	0	0	0	0	0	0	0	0	0
Lactobacillus_johnsonii	0	0	0	0	0.00412	0	0.0112	0	0.00671	0.31066	0	0	0	0	0	0.08114	0	0.04362	0	0	0.59423	0.01145	0.00939
Lactobacillus_mucosae	1.09648	2.41034	0.74471	0.17245	0.03432	0.41459	0.74816	0.41087	0	0.12682	0.08456	0.00041	0.75502	1.35948	0.29581	0.27908	1.87641	0.00219	0	0.09872	0.71009	0.08341	0.00068
Lactobacillus_oris	0	0	0	0	0	0	0	0	0	0	0	0	0	0	0	0	0	0	0	0	0	0	0
Lactobacillus_plantarum	0	0	0	0	0	0	0.00316	0	0	0.00515	0	0	0	0	0	0	0	0	0	0	0	0	0
Lactobacillus_pontis	0	0	0	0	0	0	0	0	0	0.00364	0	0	0	0	0	0.00398	0	0	0	0	0	0	0
Lactobacillus_reuteri	0.12704	2.16051	0.05544	0	0.23005	0.49626	0.37961	0.29142	0.06766	1.30766	1.56065	0	0	0.58628	0.00294	0.00585	0.1473	0	0.0417	0.46923	2.43659	0.1628	1.43672
Lactobacillus_rossiae	0	0	0	0	0	0	0	0	0	0	0	0	0	0	0	0	0	0	0	0	0	0	0
Lactobacillus_ruminis	0	0	0	0	0	0	0	0	0	0	0	0	0	0	0	0	0	0	0	0	0	0	0
Lactobacillus_salivarius	0.02452	0	0	0	0	0	0	0.02634	0.03797	0	0	0.00121	0	0.03521	0	0	0	0.00655	0	0	0	0	0
Lactobacillus_vaginalis	0	0	0	0	0	0	0	0	0.00117	0	0	0	0	0	0	0	0	0	0	0	0	0	0
Pediococcus_pentosaceus	0	0	0	0	0	0	0	0	0	0.29726	0.02015	0	0	0	0	0	0	0	0	0	0	0	0
Sharpea_azabuensis	0.0561	0.07452	0	0.00163	0	0	0.13328	0	0	0	0	0	0	0.16278	0.34572	0	0.1312	0.01003	0	0.00699	0	0	0.00528
Weissella_cibaria	0	0	0	0	0	0	0.01228	0	0	0.09869	0.01655	0	0	0	0	0	0	0	0	0	0	0	0
Weissella_confusa	0	0	0	0	0	0	0	0	0	0.00074	0	0	0	0	0	0	0	0	0	0	0	0	0
Weissella_paramesenteroides	0	0	0	0	0	0	0	0	0	0	0	0	0	0	0	0	0	0	0	0	0	0	0
Weissella_thailandensis	0	0	0	0	0	0	0	0	0	0	0	0	0	0	0	0	0	0	0	0	0	0	0
Streptococcus_ferus	0	0	0	0	0	0	0	0	0	0	0	0	0	0	0	0	0	0	0	0	0	0	0
Streptococcus_gallolyticus	0	0	0	0	0.00262	0	0	0	0	0	0	0	0	0	0	0	0	0	0	0	0	0	0
Streptococcus_hyointestinalis	0.02639	0	0	0	0	0	0	0.02352	0	0.00277	0	0	0	0	0	0	0	0	0.00478	0	0	0	0
Streptococcus_pasteurianus	0	0	0	0	0	0	0	0	0	0	0	0	0	2.86788	0	0	0	0	0	0	0	0	0
Streptococcus_suis	0	0	0	0	0	0	0	0	0	0	0	0	0	0	0	0	0.00309	0	0	0	0	0	0
Catabacter_hongkongensis	0	0.02211	0.32498	0.01805	0.00934	0	0	0	0	0.1804	0	0.04763	0.81097	0	0.23286	0.14545	0	0	0	0	0	0	0.09246
Christensenella_minuta	0.02898	0.46409	0.74877	0.08262	0.15218	0.03154	0.08613	0.02954	0.11592	0.0583	0.03132	0.0743	0.19002	0.03478	0.12956	0.92589	0.33131	0.02975	0	0.27907	0	0.1208	0.24413
Butyricicoccus_porcorum	0.00681	0	0	0	0	0	0.00795	0	0	0	0	0	0	0	0	0	0	0	0	0	0	0	0
Butyribacterium_methylotrophicum	0	0	0	0	0	0	0	0	0	0	0	0	0	0	0	0	0	0.00894	0	0	0	0	0
Clostridium_bolteae_CAG_59	0	0	0	0.00398	0	0	0	0	0	0	0	0	0	0	0	0	0	0	0	0	0	0	0
Clostridium_bornimense	0	0	0	0	0	0	0	0	0	0	0	0	0	0	0	0	0	0	0	0	0	0	0
Clostridium_celatum	0.04505	0.01741	0	0	0	0	0	0	0	0	0	0	0	0.01219	0	0	0	0	0	0	0	0	0
Clostridium_disporicum	0	0	0	0	0	0	0	0	0	0	0	0	0	0	0	0	0	0	0	0	0	0	0
Clostridium_perfringens	0.00382	0.03063	0	0	0	0	0	0	0	0	0.47884	0	0	0.05619	0	0	0	0	0	0	0	0	0
Clostridium_sp_CAG_242	0.05032	0	0	0	0	0	1.86235	0	0.03613	0.01341	1.63533	0.16279	0.12206	7.22795	0	8.54048	0	0.5026	6.6574	0	0.00899	1.81619	0.58613
Clostridium_sp_CAG_413	0	0	0	0	0	0	0	0	0	0	0	0	0	0	0	0	0	0	0	0	0	0	0
Clostridium_sp_CAG_590	0	0	0	0	0	0	0	0	0	0	0	0	0	0	0	0	0	0	0	0	0	0	0
Hungatella_hathewayi	0.00972	0.01924	0.00605	0.01959	0	0	0	0.0216	0	0	0	0	0	0	0.96356	0	0.00217	0	0	0	0	0	0
Proteiniclasticum_ruminis	0	0	0	0	0	0	0	0	0	0	0	0	0	0	0	0	0	0	0	0	0	0	0
Proteiniclasticum_sp	0	0	0	0	0	0	0	0	0	0	0	0	0	0	0	0	0	0	0	0	0	0	0
Intestinimonas_butyriciproducens	4.82666	2.65302	2.40222	0.76331	0.94037	1.99084	2.33654	4.39296	5.90502	4.32875	9.49948	1.14534	5.54375	6.06015	0.44237	10.96054	0.90326	1.9359	3.45134	7.5099	2.29761	3.41444	1.63866
Eubacterium_callanderi	0	0	0	0	0	0	0.02593	0	0	0.01527	0	0	0.09122	0.06684	0.66957	0.24557	0.00827	0.01213	0.02518	0	0.03968	0.00851	0.06668
Eubacterium_coprostanoligenes	0	0.44445	0	0	0	0	0.00076	0.22117	0	0	0	0	0	0.01037	0	0	0	0	0.02116	0	0	0	0
Eubacterium_hallii	0.02222	0.1869	0	0	0	0	0	0	0	0.13454	0.00597	0	0	0	0	0	0	0.00937	0	0	0	0	0
Eubacterium_limosum	0	0.05685	0	0	0	0	0.00867	0	0	0	0	0	0	0	0	0.02082	0	0.01512	0.0787	0	0	0	0
Eubacterium_pyruvativorans	0.23293	0.09726	0	0.00017	0	0.07346	0.05792	0.07821	0.00365	0	0	0	0	0	0	0	0	0.03804	0	0	0.24207	0	0.00692
Eubacterium_sp_68_3_10	0	0.04472	0.25223	0.07816	0.24395	0.19907	0.06822	0.08947	0.01416	0.00897	0.33935	0	0.03252	0	0.16918	0	0.09158	0.45863	0	0	0.00938	0	0.02407
Anaerostipes_sp_494a	0	0	0	0	0	0	0	0	0	0	0	0	0	0	0	0	0	0	0	0	0	0	0
Anaerostipes_sp_992a	0	0	0	0	0	0	0	0	0	0	0	0	0	0	0	0	0	0	0	0	0	0	0
Anaerotignum_lactatifermentans	0.00771	0	0.00661	0	0	0	0	0	0.08244	0	0.00917	0	0	0	0	0	0	0.5846	0	0	0	0	0
Blautia_coccoides	0	0	0	0	0	0	0	0	0	0	0	0	0	0	0	0	0	0	0	0	0	0	0
Blautia_obeum	0.03298	0	0	0	0.85498	0.12883	0.18779	0	0	0.7701	1.18187	0.01004	0	0.05674	0	0	0	0.18147	0.14508	0.09608	0.10348	0.01606	0.22678
Blautia_producta	0.0242	0	0	0	0	0	0	0	0	0	0	0	0	0	0	0	0	0	0	0	0	0	0
Ruminococcus_gnavus	0	0	0	0.03384	0	0	0	0.00324	0	0	0	0	0	0	0	0	0.02573	0.132	0	0	0	0	0
Ruminococcus_torques	0.00097	0.18317	0	0	0	0	0	0	0	0	0	0	0	0	0	0	0	0	0	0	0	0	0
Coprococcus_catus	0	0	0	0	0	0	0	0	0	0	0	0	0	0	0	0	0	0	0	0	0	0	0
Dorea_formicigenerans	0	0	0	0	0	0	0	0.00881	0	0	0	0	0	0	0	0	0	0	0	0	0	0	0
Eisenbergiella_massiliensis	1.32205	1.58177	0.63402	0.70879	0.44792	0.19873	1.36159	0.0387	0.56325	1.81473	1.85539	0.86796	0.78803	0.31583	0.12003	1.281	3.15113	1.36388	0.27964	0.57216	0.53566	1.24798	0.51977
Faecalicatena_orotica	0	0	0	0	0	0	0	0	0	0	0	0	0	0	0	0	0	0	0	0	0	0	0
Fusicatenibacter_saccharivorans	0	0	0	0	0	0	0	0	0	0	0	0	0	0	0	0	0	0	0	0	0	0	0
Clostridium_aldenense	0.01769	0.05109	0.12008	0.03434	0.0474	0.08172	0.00865	0.01289	0.00971	0.07617	0.12195	0.02011	0.31363	0.00709	0	0.1263	0.06214	0	0	0.03773	0	0.11701	0.0217
Clostridium_bolteae	0	0	0.00971	0.01262	0.01614	0.50976	0	0	0	0.00423	0	0.04823	0.01706	0	0	0	0.01601	0	0	0	0	0	0
Clostridium_citroniae	0.0079	0	0	0	0	0	0	0	0	0	0	0	0	0	0	0	0	0	0	0	0	0	0
Clostridium_clostridioforme	14.38788	9.7961	3.03241	2.44096	5.28468	11.03815	3.35327	6.12457	1.30465	6.50126	3.9819	1.19932	3.0329	0.23874	0.11232	2.57953	1.913	0.47182	0.08741	2.98855	0.42634	3.59218	2.51673
Clostridium_lavalense	0.18661	0.38437	0.05003	0.06853	0.06147	0.35411	0.32739	0.93963	0	0.63827	0.0876	0.36602	0.57852	0.00847	0	0.14087	0.04553	0	0.02787	0.10613	0.09363	0.74364	0.09098
Clostridium_scindens	0.09579	1.02745	0.82893	0.02742	0.30275	0.14523	2.37316	0.25998	2.70415	1.81577	7.81625	1.90583	12.99605	6.14871	7.46479	2.05568	5.29254	0.98579	10.64716	0.9478	2.42282	0.45963	1.98221
Clostridium_symbiosum	0.03488	0.01799	2.50639	0.0632	0.45868	0	0	0.02751	0	0.86026	0.09852	0	3.67382	0.03681	0.09563	0.03263	0.54493	0	0	0.02339	0	0.03675	0.00074
Roseburia_hominis	0	0	0	0	0	0	0	0	0	0	0	0	0	0	0	0	0	0	0	0	2.40289	0	0
Roseburia_inulinivorans	0.40596	0	0	0	0.0129	0.67613	0.81005	0.02775	0	0	0.01555	1.34854	0	0	0	0	0.00939	0	0	0	0.16436	0	0.22994
Roseburia_sp_499	0	0	0	0	0	0	0	0	0	0.00363	0	0	0	0	0	0	0	0	0	0	0	0	0
Roseburia_sp_831b	0	0	0	0	0	0	1.86965	0	0	0	0	0	0	0	0	0	0	0	0	0	0	0	0
Roseburia_sp_CAG_471	0	0	0	0	0	0	0	0	0	0	0	0	0	0	0	0	0	0	0	0	0	0	0
Oscillibacter_sp_57_20	0.31697	0.18127	0	0.89356	0.54411	0.08256	0.01141	0.18792	2.23045	1.29466	0.05856	0.70767	2.40688	0.84461	0	0.26935	0.09335	0	8.17436	0	0.01725	0	0
Oscillibacter_sp_CAG_241	0	0	0.11927	0	0	0.4213	0.1551	0.1513	7.42988	0	0.53579	0	0	0	0.05378	0	1.74305	1.1012	1.26102	0.43881	2.18231	0	0.0078
Peptostreptococcus_sp_D1	0	0	0.22843	0	0	0	0	0	0	0	0	0	0	0	0	0	0	0	0	0	0	0	0
Romboutsia_ilealis	0	0	0	0	0	0	0	0	0	0	0	0	0	0	0	0	0	0	0	0	0	0	0
Anaeromassilibacillus_sp_An172	4.69988	12.07103	1.90091	0.50057	1.76363	0.32685	5.22833	0.51989	20.18564	8.90509	3.58258	1.03526	17.74843	19.33252	61.70403	17.52967	1.20581	21.60491	1.26005	8.64147	8.81423	3.42432	15.05688
Anaerotruncus_colihominis	1.13931	0.0194	0.02074	0.48597	0.13678	0	0	2.64971	0.07362	0.80583	0	0.03218	0.03493	0	0	0.02349	0	0.02425	0	0.01535	0	0	0.48615
Faecalibacterium_prausnitzii	0.06885	0.11128	0	0	0	0.0023	0.00369	0.00458	0	0	0	0	0	0	0	0	0	0.03884	0	0	0.06416	0.22623	0.01852
Flavonifractor_plautii	0.03455	0	0	0	0	0	0	0	0	0	0	0.00202	0	0	0	0	0	0	0	0	0	0.07845	0
Flavonifractor_sp_An306	0	0	0.01719	0	0	0	0	0	0	0	0	0	0	0	0	0	0	0	0	0	0	0	0
Gemmiger_formicilis	0	0	0	0	0	0	0	0	0	0	0	0	0	0	0	0	0	0	0	0	0	0	0
Gemmiger_sp_An194	0	0	0	0	0	0	0	0	0	0	0	0	0	0	0	0	0	0	0	0	0	0	0
Harryflintia_acetispora	0	0	0	0	0	0	0	0	0	0	0	0	0	0	0	0	0	0	0	0	0	0	0
Pseudoflavonifractor_capillosus	0.01949	0.02824	0	0	0	0	0.09371	0	0	0	0.02379	0	0.07402	0	0	0	0	0	0	0	0	0	0
Clostridium_leptum	0	0	0	0	0	0	0	0	0	0	0	0	0	0	0	0.00272	0	0	0	0	0	0	0
Clostridium_methylpentosum	0	0	0	0	0	0	0	0	0	0	0	0	0	0	0	0	0	0	0	0	0	0	0
Eubacterium_siraeum	0	0	0	0	0	0	0	0	0	0	0	0.03026	0	0	0.00026	0	0	0	0	0	0	0.01176	0
Ruminococcaceae_bacterium_D16	4.71771	1.47477	0.02897	0.00863	0.39421	0.01047	2.38166	2.70585	5.90453	0.65267	0.48588	0.45499	4.42382	4.92903	0.02834	1.95387	0.096	1.71689	0.1143	0.28249	0.7772	1.68648	1.59149
Ruminococcaceae_bacterium_D5	1.73977	9.5043	2.11008	0.00372	2.69816	3.63685	3.42152	0.04745	2.19123	1.57967	12.34472	4.39107	1.94651	6.83117	0.67876	6.83801	1.11841	2.002	2.61862	3.94006	2.35388	3.15074	0.78804
Ruminococcus_bicirculans	0	0	0	0	0	0	0	0	0	0	0	0	0	0	0	0	0	0	0	0	0	0	0
Ruminococcus_champanellensis	0	0	0	0	0	0	0	0	0	0	0	0	0	0	0.00589	0.01445	0	0	0.00951	0	0	0	0
Ruminococcus_flavefaciens	0	0	0	0	0	0	0	0	0	0.00658	0	0	0	0	0	0	0	0	0	0	0	0	0
Ruminococcus_obeum_CAG_39	0	0	0	0	0	0	0	0	0	0	0	0.01077	0	0	0	0	0	0	0	0	0	0	0
Ruminococcus_sp_CAG_488	0	0	0	0	0	0	0	0	0.6777	0	0	0	0.06393	0	0	0	0	0	0	0	0.55381	0.25599	1.26954
Ruminococcus_sp_CAG_624	0	0	0	0	0	0	0	0	0	0	0	0	0	0	0	0	0	0.02946	0	0	0.08462	0.05898	0.24248
Ruthenibacterium_lactatiformans	1.77405	1.4006	0.41931	0.0451	1.3832	0.39523	4.84998	0.38529	0.55201	0.42323	1.79396	0.07616	1.48751	0.48769	1.6241	4.40515	3.44522	0.25038	2.48264	0.13276	1.90549	0.12042	0.11232
Catenibacterium_mitsuokai	0.39122	0.62623	0	0	0.06861	0.01022	0	0	0.24481	0	0	0	0	0	0	0	0	0	0	0	0.08505	0	0.1626
Clostridium_innocuum	0	0	0.09575	0	0	0	0	0	0	0	0	0.01686	0	0	0	0	0.00647	0	0	0	0	0	0
Erysipelatoclostridium_ramosum	0	0	0.07095	0	0	0	0	0	0	0	0	0	0	0	0	0	0	0	0	0	0	0	0
Erysipelothrix_larvae	0.01457	0	0	0	0	0	0	0	0	0	0	0	0	0	0	0	0	0	0	0	0	0	0
Faecalicoccus_pleomorphus	0.08857	0.04516	0.01771	0.5299	0	0	0.02585	0	0	0	0.04027	0	0	0.10445	0.071	0	0	0.14723	0	0	0	0	0
Holdemanella_biformis	0.01001	0	0	0	0	0.00248	0	0	0.00098	0	0.00269	0	0	0	0	0	0	0.01768	0	0	0	0	0.00101
Holdemania_filiformis	0	0	0	0	0	0	0	0	0	0	0	0	0	0.0094	0	0	0	0	0	0	0	0	0
Turicibacter_sanguinis	0	0	0	0	0	0	0.01381	0	0	0	0	0	0	0	0	0	0	0	0.00352	0	0	0	0
Firmicutes_bacterium_CAG_170	0.01997	0	0	0	0	0	0	0	0	0	0	0	0	0	0	0	0	0	0	0	0.11405	0	0
Firmicutes_bacterium_CAG_555	3.01764	0.0033	0.0065	0	0	0	0	0	0	0	0	0	0.18632	0	0	0	0	0	0	0	0	0	0
Firmicutes_bacterium_CAG_791	0	0	0	0	0	0	0	0	0	0	0	0	0	0	0	0	0	0	0.08216	0	0	0	0
Firmicutes_bacterium_CAG_83	2.33492	0	0.00848	0	0	0	0	0.01367	0.28763	0	0	0	0	0	0	0	0	0	0.08749	0	0	0	0
Acidaminococcus_fermentans	0.00787	0	0	0.64851	0	0.01501	0.11406	0.05353	0	0	0	0	0	0	0.26274	0	0	1.04312	0	0	0	0	0.19849
Acidaminococcus_sp_CAG_542	0	0	0	0	0	0.40006	0	0	0	0	0	0	0	0	0	0	0	0	0	0	0	0	0
Phascolarctobacterium_faecium	0	0	0	0	0	0	0	0	0.33116	0	0	0	0	0	0.04698	0	0.03443	0	0	0	0	0	0
Phascolarctobacterium_succinatutens	0.89198	6.51037	1.59563	1.90543	6.5047	0.70089	6.8206	1.70689	0.25782	8.10721	5.54921	0.96233	2.56981	4.61474	0.18914	1.09554	2.58481	13.34354	12.66064	3.54917	27.27712	5.25403	5.91141
Mitsuokella_jalaludinii	0	0	0	0.00939	0	0	0	0	0	0	0	0	0	0	0	0	0	0	0	0	0	0	0
Mitsuokella_multacida	0	0	0	0	0	0	0	0	0	0	0	0	0.0025	0	0	0	0	0.08249	0	0	0	0.01019	0
Allisonella_histaminiformans	0.0013	0	0	0	0	0.0047	0	0	0	0	0	0	0	0.04764	0	0	0	0	0	0	0	0	0
Dialister_succinatiphilus	0	0	0	0	0	0	0	0	0	0	0	0	0	0	0	0	0	0	0	0	0	0	0
Megasphaera_elsdenii	0.23807	0	0.03327	0.36356	0.00061	0.14865	1.88542	0.46446	0.39816	0	0.15265	0.53743	0.19766	0.0196	0.25218	0	0.07175	3.97304	0.12735	0	0.19482	0.27741	0.31799
Veillonella_parvula	0	0	0	0	0	0	0	0	0	0	0	0	0	0	0	0	0	0	0	0	0	0	0
Veillonella_sp_CAG_933	0	0	0	0	0	0	0	0	0	0	0	0	0	0	0	0	0	0	0	0	0	0	0
Fusobacterium_mortiferum	0.00521	0	0.07342	0.01299	0	0.50949	0	0	0.01536	0	0	0	0	0	0	0	0	0	0	0	0	0	0
Fusobacterium_varium	0	0	0.02681	0	0	0	0	0	0	0	0	0	0	0	0	0	0	0	0	0	0	0	0
Victivallis_vadensis	0	0.00129	0.01441	0.02875	0.01589	0.00331	0.01682	0.05498	0	0	0	0	0.43724	0	0.0317	0.00366	0.24173	0	0	0.04804	0	0	0
Brevundimonas_diminuta	0	0	0	0	0	0	0	0	0	0	0	0	0	0	0	0	0	0	0	0	0	0	0
Falsochrobactrum_sp_HN4	0	0	0	0	0	0	0	0	0	0	0	0	0	0	0	0	0	0	0	0	0	0	0
Ochrobactrum_anthropi	0	0	0	0	0	0	0	0	0	0	0	0	0	0	0	0	0	0	0	0	0	0	0
Ochrobactrum_sp_POC9	0	0	0	0	0	0	0	0	0	0	0	0	0	0	0	0	0	0	0	0	0	0	0
Pseudochrobactrum_asaccharolyticum	0	0	0	0	0	0	0	0	0	0	0	0	0	0	0	0	0	0	0	0	0	0	0
Aquamicrobium_aerolatum	0	0	0	0	0	0	0	0	0	0	0	0	0	0	0	0	0	0	0	0	0	0	0
Paracoccus_alcaliphilus	0	0	0	0	0	0	0	0	0	0	0	0	0	0	0	0	0	0	0	0	0	0	0
Paracoccus_alkenifer	0	0	0	0	0	0	0	0	0	0	0	0	0	0	0	0	0	0	0	0	0	0	0
Paracoccus_solventivorans	0	0	0	0	0	0	0	0	0	0	0	0	0	0	0	0	0	0	0	0	0	0	0
Alcaligenes_faecalis	0	0	0	0	0	0	0	0	0	0	0	0	0	0	0	0	0	0	0	0	0	0	0
Bordetella_trematum	0	0	0	0	0	0	0	0	0	0	0	0	0	0	0	0	0	0	0	0	0	0	0
Oligella_ureolytica	0	0	0	0	0	0	0	0	0	0	0	0	0	0	0	0	0	0	0	0	0	0	0
Paenalcaligenes_hominis	0	0	0	0	0	0	0	0	0	0	0	0	0	0	0	0	0	0	0	0	0	0	0
Comamonas_kerstersii	0	0	0.2679	2.49741	0	0	0.33092	0	0	0	0.18841	0	0.21488	0	0.38331	0	0.00313	0	0	0.02675	0	0	0
Sutterella_parvirubra	3.29579	1.87222	0.27691	0.71672	0.00442	0.00478	0	0.02314	1.09526	0	0.03027	0.25318	0.06542	1.55701	0	0	0	0	0	0	0	0.00389	0
Bilophila_wadsworthia	0.04403	0.25207	0.4719	0.19382	0.29637	0.17123	0.16665	0.37741	0.89219	0.48615	0.79166	0.45081	0.47412	0.07107	0.29289	1.25006	0.58685	0.25307	0.00521	0.19815	0.12671	0.06516	0.0655
Desulfovibrionaceae_bacterium	0	0	0	0	0	0	0	0	0.00954	0	0	0	0.007	0	0.01733	0.06788	0.00693	0	0	0	0	0	0.00538
Desulfovibrio_piger	3.61527	10.1906	6.0086	2.06908	2.08014	1.60318	2.95836	2.59888	3.15172	3.19427	4.06957	2.18122	6.92175	1.90005	1.42349	9.12588	0.65083	4.82503	3.26233	1.86736	3.8312	3.85549	1.8611
Arcobacter_cryaerophilus	0	0	0	0	0	0	0	0	0	0	0	0	0	0	0	0	0	0	0	0	0	0	0
Arcobacter_skirrowii	0	0	0	0	0	0	0	0	0	0	0	0	0	0	0	0	0	0	0	0	0	0	0
Campylobacter_coli	0.0483	0	0.14727	0.02053	0.52643	0.51883	0	0	0.00208	0	0	0	0	0.00284	0.04285	0.15267	0	1.18292	0	0.08153	0.00972	0	0.03516
Campylobacter_hyointestinalis	0.53278	0	0	0	0	0	0	0	0	0	0	0.07085	0	0	0	0	0	0.01068	0	0	0	0	0
Campylobacter_lanienae	0	0	0	0.03429	0	0	0	0	0	0	0	0.03114	0	0	0.07176	0	0	0	0	0	0	0	0
Campylobacter_mucosalis	0	0	0	0	0	0	0	0	0	0	0	0	0	0	0	0	0	0	0	0	0	0	0
Campylobacter_sp_RM6137	0	0	0	0.08506	0	0	0	0	0	0	0	0	0	0	0	0	0	0	0	0	0	0	0
Helicobacter_bilis	0	0	0.01537	0	0	0	0	0	0	0	0	0	0	0	0	0	0	0	0	0.30961	0	0	0.15951
Helicobacter_equorum	0.41068	0	0.15006	0	0	0	0.00979	0	0	0	0.02323	0	0	0	0	0	0	0.17237	0.01576	0	0	0	0.00355
Helicobacter_sp_10_6591	0	0	0	0	1.54199	0	0	0.03811	0	0	0	0	0	0	0	0	0	0	0	0	0	0	0
Helicobacter_sp_11_8110	0	0	0	0	0	0	0	0	0	0	0	0	0	0	0.00445	0	0	0	0	0	0	0	0
Helicobacter_trogontum	0	0	0.12914	0	0.87078	0.05623	0	0	1.19033	0	0	0.03855	0	0.01883	0	0	0	0	0	0	0	0	0
Aliidiomarina_maris	0	0	0	0	0	0	0	0	0	0	0	0	0	0	0	0	0	0	0	0	0	0	0
Idiomarina_indica	0	0	0	0	0	0	0	0	0	0	0	0	0	0	0	0	0	0	0	0	0	0	0
Citrobacter_portucalensis	0	0	0	0	0	0.00787	0	0	0	0	0	0	0	0	0	0	0	0	0	0	0	0	0
Escherichia_coli	10.28806	3.74153	2.63852	4.11794	1.75031	24.21265	0.73818	1.78104	1.20157	0	1.14031	0.03662	1.10323	5.75578	1.38011	7.10173	1.70018	3.88	1.32494	0.16586	2.53384	0.01773	0
Klebsiella_pneumoniae	0	0	0	0	0	0.16376	0	0	0	0	0	0	0	0	0	0	0	0	0	0	0	0	0
Klebsiella_quasipneumoniae	0	0	0	0	0	0.02072	0	0	0	0	0	0	0	0	0	0	0	0	0	0	0	0	0
Klebsiella_variicola	0	0	0	0	0	0.06428	0	0	0	0	0	0	0	0	0	0	0	0	0	0	0	0	0
Halomonas_hydrothermalis	0	0	0	0	0	0	0	0	0	0	0	0	0	0	0	0	0	0	0	0	0	0	0
Nitrincola_lacisaponensis	0	0	0	0	0	0	0	0	0	0	0	0	0	0	0	0	0	0	0	0	0	0	0
Actinobacillus_minor	0	0	0	0	0	0	0	0.0762	0	0	0	0	0	0	0	0	0	0	0	0	0	0	0
Actinobacillus_porcitonsillarum	0	0	0	0	0	0	0	0	0	0	0	0	0	0	0	0	0	0	0	0	0	0	0
Actinobacillus_seminis	0	0	0	0	0	0.0042	0	0	0	0	0	0	0	0	0	0	0	0	0	0	0	0	0
Actinobacillus_rossii	0	0	0	0	0	0	0	0.0155	0	0	0	0	0	0	0	0	0	0	0	0	0	0	0
Acinetobacter_indicus	0	0	0	0	0	0	0	0	0	0	0	0	0	0	0	0	0	0	0	0	0	0	0
Acinetobacter_towneri	0	0	0	0	0	0	0	0	0	0	0	0	0	0	0	0	0	0	0	0	0	0	0
Oblitimonas_alkaliphila	0	0	0	0	0	0	0	0	0	0	0	0	0	0	0	0	0	0	0	0	0	0	0
Pseudomonas_alcaliphila	0	0	0	0	0	0	0	0	0	0	0	0	0	0	0	0	0	0	0	0	0	0	0
Pseudomonas_flexibilis	0	0	0	0	0	0	0	0	0	0	0	0	0	0	0	0	0	0	0	0	0	0	0
Pseudomonas_fluvialis	0	0	0	0	0	0	0	0	0	0	0	0	0	0	0	0	0	0	0	0	0	0	0
Pseudomonas_formosensis	0	0	0	0	0	0	0	0	0	0	0	0	0	0	0	0	0	0	0	0	0	0	0
Pseudomonas_guangdongensis	0	0	0	0	0	0	0	0	0	0	0	0	0	0	0	0	0	0	0	0	0	0	0
Pseudomonas_sp_MYb185	0	0	0	0	0	0	0	0	0	0	0	0	0	0	0	0	0	0	0	0	0	0	0
Pseudomonas_sp_TC_11	0	0	0	0	0	0	0	0	0	0	0	0	0	0	0	0	0	0	0	0	0	0	0
Vibrio_cincinnatiensis	0	0	0	0	0	0	0	0	0	0	0	0	0	0	0	0	0	0	0	0	0	0	0
Vibrio_metschnikovii	0	0	0	0	0	0	0	0	0	0	0	0	0	0	0	0	0	0	0	0	0	0	0
Stenotrophomonas_ginsengisoli	0	0	0	0	0	0	0	0	0	0	0	0	0	0	0	0	0	0	0	0	0	0	0
Stenotrophomonas_koreensis	0	0	0	0	0	0	0	0	0	0	0	0	0	0	0	0	0	0	0	0	0	0	0
Stenotrophomonas_rhizophila	0	0	0	0	0	0	0	0	0	0	0	0	0	0	0	0	0	0	0	0	0	0	0
Brachyspira_murdochii	0	0	0	0	0	0	0	0	0	0	0	0	0.76499	0	0	0	0	0	0	0	0	0	0
Treponema_berlinense	0.09188	0.02966	0	0.00179	0	0.00132	1.01805	0	0	0.17903	0.14601	0.44112	0.06524	0.09797	0.2335	0.72379	0.01099	0.00252	1.22433	0.38998	2.67223	0.69139	0.22085
Treponema_brennaborense	0	0	0	0	0	0	0	0	0	0	0	0	0	0	0.01404	0	0	0	0	0.26105	0	0	0
Treponema_porcinum	0.74395	0.04708	0	0	0	0.00999	1.57602	0	0	2.76157	0.15577	0.07914	0.06567	0	0.00256	0.15698	0	0.00824	8.52363	2.7118	0.94385	0.47768	0.36947
Treponema_succinifaciens	0.00085	0	0	0	0	0	0	0	0	0	0	0	0.01456	0	0	0	0	0.01101	2.66084	0	0	0	0
Cloacibacillus_evryensis	0	0	0	0	0	0	0	0	0	0	0	0	0	0	0	0	0	0	0	0	0	0	0
Cloacibacillus_porcorum	1.42907	0.93561	7.16897	0.28951	0.40319	0.92143	0.36472	0.65927	0.84538	0.39812	0.54437	0.17855	5.11599	0.2754	0.09314	0.10302	1.44509	2.96435	0.18616	9.15673	0.70733	0.86405	0.76593
Fretibacterium_fastidiosum	0	0	0	0	0	0.00247	0.0039	0	0	0	0.0054	0	0	0	0	0	0.00273	0.00273	0	0	0	0	0
Pyramidobacter_piscolens	0	0	0	0.04237	0.04394	0.37534	0.04914	0.01968	1.36163	0.32353	0.5211	0.00314	0.15888	0	0	0.00909	0.50795	0.45929	0	0.05162	0	0	0.07092
Pyramidobacter_sp_C12_8	0	0.02611	0	0.09031	0.3705	1.08334	0.18809	0.07739	3.50893	0.94693	1.7363	0.02357	0.33464	0	0.00265	0.04373	1.30637	0.63031	0	0.11383	0.00059	0	0.16782
Synergistes_jonesii	0	0.72065	0.02323	0	0	0.18697	15.00303	0	0	2.31686	0.7033	0	0.05165	0.22195	0.02127	0.68007	0.05928	0	0	0.07497	0	0	0
Acholeplasma_laidlawii	0	0	0	0	0	0	0	0	0	0	0	0	0	0	0	0	0	0	0	0	0	0	0
Acholeplasma_oculi	0	0	0	0	0	0	0	0	0	0	0	0	0	0	0	0	0	0	0	0	0	0	0
Akkermansia_muciniphila	0	0	1.26612	0	0	0	0	0	0	0	0	0	0	0	0.02377	0	6.52761	0	0	0	0	0	0
Blastocystis_sp_subtype_1	0	0	0	0	0	0	0	0	0	0	0	0	0	0	0	0	0	0	0	0	0	0	0
