Taxonomy	GXL_5075	GXL_4092	GXL_1936	GXL_12940	GXL_10143	GXL_13164	GXL_4337	GXL_5777	GXL_1001	GXL_10938	GXL_8500	GXL_11720	GXL_13198	GXL_4363	GXL_4184	GXL_7834	GXL_10941	GXL_12278	GXL_10199	GXL_11714	GXL_7837	GXL_9463	GXL_5076	GXL_7910
Methanobacteriaceae	0.03633	1.92793	0.34322	0.63704	1.44686	0.08013	2.05293	2.95774	0.46907	0.13862	0.01173	1.48486	2.96628	3.12337	5.27872	3.28499	7.41581	0.61101	5.34363	11.60764	2.58512	3.42149	1.35743	4.53839
Actinomycetaceae	0.00722	0	0	0	0	0.0011	0.16239	0.01743	0.07472	0.05142	0	0.15427	0	0.00251	0.02355	0	0.0213	0	0	0	0	0.06265	0	0.00481
Bifidobacteriaceae	0	0.01428	0	0.03134	0.02618	0.28528	0.37344	0	0.01355	0.00561	0	0.01716	0	0	0	0	0	0.013	0	0	0.37766	0	0	0.00637
Corynebacteriaceae	0	0	0	0	0	0	0	0	0.01801	0	0	0.02104	0	0	0	0	0	0	0	0	0	0	0.00569	0
Corynebacteriales_unclassified	0	0	0	0	0	0	0	0	0	0	0	0	0	0	0	0	0	0	0	0	0.03555	0	0	0
Dietziaceae	0	0	0	0	0	0	0	0	0	0	0	0	0	0	0	0	0	0	0	0	0	0	0	0
Nocardiaceae	0	0	0	0	0	0	0	0	0	0	0	0	0	0	0	0	0	0	0	0	0	0	0	0
Brevibacteriaceae	0	0	0	0	0	0	0	0	0	0	0	0	0	0	0	0	0	0	0	0	0	0	0	0
Dermabacteraceae	0	0	0	0	0	0	0	0	0	0	0	0	0	0	0	0	0	0	0	0	0	0	0	0
Micrococcaceae	0	0	0	0	0	0	0	0	0	0	0	0	0	0	0	0	0	0	0	0	0	0	0	0
Promicromonosporaceae	0	0	0	0	0	0	0	0	0	0	0	0	0	0	0	0	0	0	0	0	0	0	0	0
Ruaniaceae	0	0	0	0	0	0	0	0	0	0	0	0	0	0	0	0	0	0	0	0	0	0	0	0
Propionibacteriaceae	0	0	0	0	0	0	0	0	0	0	0	0	0	0	0	0	0	0	0	0	0	0	0	0
Streptomycetaceae	0	0	0	0	0	0	0	0	0	0	0	0	0	0	0	0	0	0	0	0	0	0	0	0
Nocardiopsaceae	0	0	0	0	0	0	0	0	0	0	0	0	0	0	0	0	0	0	0	0	0	0	0	0
Atopobiaceae	0	0	0	0	12.24103	0.07975	0	0	0	0	0.00154	0	0.00562	0	0	0	0	0.0097	0.0219	0	0.30632	0	0	0.00135
Coriobacteriaceae	1.78204	2.3079	1.88102	0.03351	2.27796	0.57905	1.19314	9.01709	4.68874	1.35221	6.17086	1.9518	0.11341	0.662	0.6488	0.52046	1.03975	0.42035	0.29796	0.92783	0.09034	1.42805	6.93824	0.28517
Eggerthellaceae	0.04058	0	0.01111	2.13114	1.36874	0.26482	0.15479	0	0.16856	0.0037	0.12512	0	0.07706	0.50619	0.11432	0.05602	0.12926	0.10986	0	0.05195	1.25147	0.18066	0.00428	0.45175
Bacteroidaceae	2.46452	9.22395	23.4281	14.0847	21.57072	12.19256	13.03089	3.00231	16.66913	14.996	0.00069	0.78811	3.56697	5.37421	0.35179	0.38857	0.04718	5.25961	5.64999	5.33654	11.7255	6.05695	24.8362	9.7948
Barnesiellaceae	0	0	0	0	0	0.01747	0	0	0	0	0	0	0	0	0	0	0	0	0	0	0	0	0	0
Odoribacteraceae	0.89949	3.57834	1.33363	1.3483	1.91157	0.73429	2.88962	0.34327	1.72869	4.64054	0.53663	0.19995	1.30321	1.57498	0.12839	0.11232	0.02059	1.18743	9.56263	0.98459	1.0568	1.06449	0.96996	2.40765
Paludibacteraceae	0	0	0	0	0	0	0	0	0	0	0	0	0	0	0	0	0	0	0	0	0	0	0	0
Porphyromonadaceae	0.20613	0.25764	0.35809	0.34809	0.35295	0.20996	0.73235	0.40178	0.28916	0.3955	0	0.16473	0.51943	0.95215	0.02172	0.0188	0.06482	0.22228	0.87855	0.6302	0.36748	0.38694	0.38488	0.34125
Prevotellaceae	58.01672	15.70322	7.29523	6.76738	3.55314	32.08057	0.13831	1.36252	3.07218	27.76706	35.51887	40.62541	32.31861	26.0062	20.76786	70.57911	31.10921	52.69372	0.02524	6.18274	1.08145	0.98069	2.40315	28.27562
Rikenellaceae	4.83911	7.53128	0.84291	0.10052	1.38069	6.71939	11.7689	3.35372	2.63826	0.8595	0	5.35499	7.85026	4.09869	0.72105	0.27053	0.17002	6.45651	8.79747	3.34731	7.18019	13.12926	3.78154	0.44578
Tannerellaceae	0.09399	9.01187	1.77734	4.48551	7.5739	1.50775	29.56864	27.88607	9.07916	8.45631	0.05817	4.96348	8.18202	4.2493	3.86004	1.16427	0.68748	7.15924	15.04884	6.25147	9.27896	9.61993	8.82711	4.16817
Flavobacteriaceae	0	0	0	0	0	0	0	0	0	0	0	0	0	0	0	0	0	0	0	0	0	0	0	0
Sphingobacteriaceae	0	0	0	0	0	0	0	0	0	0	0	0	0	0	0	0	0	0	0	0	0	0	0	0
Chlamydiaceae	0	0	0	0	0	0	0	0	0	0	0	0	0	0	0	0	0	0	0	1.20976	0	0	0	0
Fibrobacteraceae	0	0	0	0	0	0	0	0.21903	0	0.00763	0.0111	0	0	0	0	0	0.03984	0	0	0.00959	0	0	0	0
Bacillales_unclassified	0	0	0	0	0	0	0	0	0	0	0	0	0	0	0	0	0	0	0	0	0.01096	0	0.00103	0
Planococcaceae	0	0	0	0	0	0	0	0	0	0	0	0	0	0	0	0	0	0	0	0	0	0	0	0
Staphylococcaceae	0	0	0	0	0	0	0	0	0	0	0	0	0	0	0	0	0	0	0	0	0	0	0	0
Aerococcaceae	0	0	0	0	0	0	0	0	0	0	0	0	0	0	0	0	0	0	0	0	0	0	0	0
Carnobacteriaceae	0	0	0	0	0	0	0	0	0	0	0	0	0	0	0	0	0	0	0	0	0	0	0	0
Enterococcaceae	0	0	0	0	0.08381	0	0	0.04397	0.00565	0.0022	0	0	0.03771	0	0	0	0	0.04701	0	0	0	0	1.304	0
Lactobacillaceae	2.51877	0.70066	10.09902	5.34323	2.77864	7.33561	1.11624	1.79879	0.29363	1.05035	17.01198	0.57255	9.64146	1.34186	12.62278	6.24129	12.10984	1.06797	0.90422	0.42233	1.1005	0.17858	6.0662	2.30783
Leuconostocaceae	0	0	0	0	0.00122	0	0	0.00129	0	0	0	0	0	0	0.23012	0.60467	0.16313	0	0	0	0	0	0	0
Streptococcaceae	0	0.01728	0.06833	0.12941	0.03369	0	0.02041	0	0	0	0.23699	0	0	0	0.29775	0.83555	0.74465	0.02772	0	0.17265	0.04269	0	0	0.21838
Catabacteriaceae	0	0.05122	0.00428	0.06286	0.56305	0	0.09058	0.04449	0.05311	0.00453	0	0	0.00594	0.1263	0.62272	0.01209	0.06908	0.01015	0.00311	0.01517	0.038	0.03389	0.07806	0.11947
Christensenellaceae	0	0.22734	0.09144	0.60429	1.99648	0	1.00209	0.08434	0.26899	0.21446	0	0.01901	0.13157	0.07757	0.09867	0.0932	0.01356	0.11965	0.10049	0.09009	0.37416	0.05064	0.30785	0.39623
Clostridiaceae	0.06888	0.00712	0.01254	1.49537	0.0602	0.00962	0.90609	0.55274	0.1732	5.16505	2.03978	0	0.00037	0.02504	0.14631	0.21212	4.07277	0.98354	2.46779	0	0.01454	0.01108	0.81529	0.03841
Clostridiales_unclassified	0.50889	2.74075	6.18729	1.39931	0.7185	0.38546	0.94748	1.67819	0.70041	3.51581	0.22822	2.83616	0.46435	3.48673	5.22948	2.16344	5.39367	0.51455	0.69521	2.20622	0.19705	0.71589	0.83722	0.85086
Eubacteriaceae	0.14128	0.02741	0.18406	0.17358	4.40438	3.59774	0	0.15254	0.13492	0.07229	0.26175	0	0.33018	0.68729	0.09443	0.04565	0.01673	0.1894	0.29352	0.01453	0.19368	0.09792	1.08308	0.49572
Lachnospiraceae	17.12314	15.48166	9.88701	22.30897	4.45016	2.08442	8.63865	11.05077	10.98818	7.0273	0.20683	8.51396	10.34623	20.30363	3.17796	1.80358	3.67105	7.03581	5.46343	11.80772	4.97693	15.82475	14.4653	17.34317
Oscillospiraceae	3.06579	1.26629	1.33195	1.05172	0.02505	0.3294	0.19051	1.74338	0.39036	0.37597	2.63604	1.20516	2.61975	3.31623	14.38894	0.72824	1.82319	0.64725	3.26018	0.84147	0.3782	4.19726	0.19274	0.10712
Peptostreptococcaceae	0	0	0	0	0	0	0	0	0	0	0	0	0	0	0	0	0	0	0	0	0.00216	0	0	0
Ruminococcaceae	1.90549	14.82369	7.8979	28.98298	6.52925	3.87385	10.68845	15.03748	32.98968	12.25754	6.50903	19.16154	11.03039	14.2493	7.64455	5.50253	19.14029	5.29255	6.06501	23.52562	6.88031	14.37619	12.52727	17.33518
Erysipelotrichaceae	0.00249	0.00331	0.04543	0.15998	0.38858	0.00168	0.01244	0.02017	0	0	0.02582	0	0	0.05648	0.32414	0.1252	0.08865	0.03725	0.0343	0.07242	0.86891	0.00429	1.95633	0.16955
Firmicutes_unclassified	0	0	0	0	0	0	0	0.00353	0	0	0.2264	0	0	0	0	0	0	0	10.43402	0	0	0	0.00432	0
Acidaminococcaceae	2.7814	2.36073	0.48639	1.093	3.99643	0.83568	1.57684	4.79726	4.52893	3.05413	8.71697	0	0.94029	1.96215	18.45131	1.24707	9.40342	0.3018	0.36504	2.89339	0.64577	6.79155	1.62444	3.65179
Selenomonadaceae	0	0	0	0	0	0.68188	0	0	0	0	0	0	0	0	0	0	0	0	0	0	0	0	0	0
Veillonellaceae	1.11331	0	0	0.4966	0.59588	1.18857	0	0.05011	0.92285	0.10053	13.21084	0	0.14893	0.81902	0.01235	0	0.79406	0.2765	0.25415	0.02336	0.06581	0.11962	0.41141	0.26612
Fusobacteriaceae	0	0	0.80815	0	0	0	0	0	0	0	0	0	0.03778	0	0	0	0	0.0066	0.00373	0	0.00526	0.03361	0	0
Victivallaceae	0	0	0.51479	0	0.0109	0.6905	0.01847	0.31642	0	0	0.0116	0	0.04238	0.20048	0	0	0	0	0.14354	0.01308	0.04282	0	0	0
Caulobacteraceae	0	0	0	0	0	0	0	0	0	0	0	0	0	0	0	0	0	0	0	0	0	0	0	0
Brucellaceae	0	0	0	0	0	0	0	0	0	0	0	0	0	0	0	0	0	0	0	0	0	0	0	0
Phyllobacteriaceae	0	0	0	0	0	0	0	0	0	0	0	0	0	0	0	0	0	0	0	0	0	0	0	0
Rhodobacteraceae	0	0	0	0	0	0	0	0	0	0	0	0	0	0	0	0	0	0	0	0	0	0	0	0
Alcaligenaceae	0	0	0	0	0	0	0	0	0	0	0	0	0	0	0	0	0	0	0	0	0	0	0	0
Comamonadaceae	0	1.86919	2.79962	0.08695	0.17666	0	0	0	0	0	0	0	1.78155	0	0	0	0	3.84682	0.40392	0.15222	3.16338	0.10544	0	0
Sutterellaceae	0.01517	0	0.46555	0.0199	6.03595	2.1342	0.26903	0.41369	0.00289	0	0.04139	0	0.78311	0.04352	0	0.01166	0	0.24771	1.61781	0.07872	0.6297	0	0.21535	0.10962
Desulfovibrionaceae	1.7664	3.00231	3.53642	1.28826	1.46386	1.56699	4.74728	7.11765	4.35271	4.33864	1.54171	6.77715	2.28518	5.83095	2.73133	1.72748	0.88813	1.34938	5.58637	3.40238	0.86867	3.64236	0.73563	1.48799
Campylobacteraceae	0	0	0.0124	0.06379	3.38321	0.01877	0.05013	0	0	0.03322	0	0.01559	0.49075	0.0367	0	0.11713	0	0.13889	3.39544	0.08854	0.0084	0.00345	0.19519	0
Helicobacteraceae	0	0	0	0.10503	0	0	0	0.02115	0	0.03662	0	0.02184	0.0919	0	0.00308	0.00955	0	0.00982	3.14772	0	0	0	0.50357	0.00113
Idiomarinaceae	0	0	0	0	0	0	0	0	0	0	0	0	0	0	0	0	0	0	0	0	0	0	0	0
Enterobacteriaceae	0.2758	1.81772	16.83764	2.90586	3.96438	0.02416	4.65775	0.15824	0.32123	3.3752	0.53358	0.06272	0.32457	0.03099	0.09427	0.24487	0.27622	1.10169	3.63124	0.45354	3.94826	2.62436	6.87004	0.03687
Halomonadaceae	0	0	0	0	0	0	0	0	0	0	0	0	0	0	0	0	0	0	0	0	0	0	0	0
Oceanospirillaceae	0	0	0	0	0	0	0	0	0	0	0	0	0	0	0	0	0	0	0	0	0	0	0	0
Pasteurellaceae	0.00351	0	0.00138	0	0	0	0	0	0	0	0	0	0	0	0	0.33078	0	0.00192	0	0	0	0	0	0
Moraxellaceae	0	0	0	0	0	0	0	0	0	0	0	0	0	0	0	0	0	0	0	0	0	0	0	0
Pseudomonadaceae	0	0	0	0	0	0	0	0	0	0	0	0	0	0	0	0	0	0	0	0	0	0	0	0
Vibrionaceae	0	0	0	0	0	0	0	0	0	0	0	0	0	0	0	0	0	0	0	0	0	0	0	0
Xanthomonadaceae	0	0	0	0	0	0	0	0	0	0	0	0	0	0	0	0	0	0	0	0	0	0	0	0
Brachyspiraceae	0	0	0	0	0	0	0	0	0	0	0	0	0	0	0	0	0	0	0	0	0	0	0	0
Spirochaetaceae	0	0.03743	0.04178	0.0158	0.01218	0	0.75343	0.52235	2.19592	0.36301	4.12638	4.07372	0.01781	0.15972	1.50517	1.51364	0.351	0.00113	0.05198	1.20839	0.00102	0.07646	0.01927	0.16134
Synergistaceae	0.32354	6.00947	1.4147	2.24558	4.51937	0.23704	2.24873	5.83049	2.76813	0.33904	0	1.0148	1.54493	0.69643	0.40839	0.03518	0.2353	1.78596	4.77935	15.97855	30.57808	14.78156	0.2329	4.1821
Acholeplasmataceae	0	0	0	0	0	0	0	0	0	0	0	0	0	0	0	0	0	0	0	0	0	0	0	0
Akkermansiaceae	0	0	0	0	0.10443	20.25233	0	0	0	0	0	0	0	0	0	0	0	0.81624	1.27224	0	9.62786	0	0.04505	0
Eukaryota_unclassified	0	0	0.00129	0	0	0	0	0	0	0	0	0	0	0	0	0	0	0	0	0	0	0	0	0
