Taxonomy	GXL_5075	GXL_4092	GXL_1936	GXL_12940	GXL_10143	GXL_13164	GXL_4337	GXL_5777	GXL_1001	GXL_10938	GXL_8500	GXL_11720	GXL_13198	GXL_4363	GXL_4184	GXL_7834	GXL_10941	GXL_12278	GXL_10199	GXL_11714	GXL_7837	GXL_9463	GXL_5076	GXL_7910
Methanobrevibacter_smithii	0.03633	1.92793	0.34322	0.63704	1.44686	0.08013	2.05293	2.95774	0.46907	0.13862	0.01173	1.48486	2.96628	3.12337	5.27872	3.28499	7.41581	0.61101	5.34363	11.60764	2.58512	3.42149	1.35743	4.53839
Actinomyces_denticolens	0.00722	0	0	0	0	0.0011	0.16239	0.01743	0.07472	0.05142	0	0.15427	0	0.00251	0.02355	0	0.0213	0	0	0	0	0.06265	0	0.00481
Actinomyces_nasicola	0	0	0	0	0	0	0	0	0	0	0	0	0	0	0	0	0	0	0	0	0	0	0	0
Bifidobacterium_adolescentis	0	0	0	0	0	0	0	0	0	0	0	0	0	0	0	0	0	0	0	0	0	0	0	0
Bifidobacterium_animalis	0	0	0	0	0	0	0	0	0	0	0	0	0	0	0	0	0	0	0	0	0	0	0	0
Bifidobacterium_boum	0	0	0	0	0	0	0	0	0	0	0	0	0	0	0	0	0	0	0	0	0	0	0	0
Bifidobacterium_mongoliense	0	0	0	0	0	0	0	0	0	0	0	0.01716	0	0	0	0	0	0	0	0	0	0	0	0
Bifidobacterium_pseudolongum	0	0	0	0	0.00087	0	0	0	0	0	0	0	0	0	0	0	0	0	0	0	0	0	0	0
Bifidobacterium_thermacidophilum	0	0.00364	0	0.02211	0.02107	0.11373	0.27969	0	0.00741	0.00184	0	0	0	0	0	0	0	0	0	0	0.30843	0	0	0.00148
Bifidobacterium_thermophilum	0	0.01064	0	0.00924	0.00424	0.17155	0.09375	0	0.00614	0.00377	0	0	0	0	0	0	0	0	0	0	0.06922	0	0	0.00489
Bifidobacterium_tsurumiense	0	0	0	0	0	0	0	0	0	0	0	0	0	0	0	0	0	0.013	0	0	0	0	0	0
Corynebacterium_ammoniagenes	0	0	0	0	0	0	0	0	0	0	0	0	0	0	0	0	0	0	0	0	0	0	0	0
Corynebacterium_amycolatum	0	0	0	0	0	0	0	0	0	0	0	0	0	0	0	0	0	0	0	0	0	0	0	0
Corynebacterium_casei	0	0	0	0	0	0	0	0	0	0	0	0	0	0	0	0	0	0	0	0	0	0	0	0
Corynebacterium_efficiens	0	0	0	0	0	0	0	0	0	0	0	0	0	0	0	0	0	0	0	0	0	0	0	0
Corynebacterium_flavescens	0	0	0	0	0	0	0	0	0	0	0	0	0	0	0	0	0	0	0	0	0	0	0	0
Corynebacterium_freneyi	0	0	0	0	0	0	0	0	0	0	0	0	0	0	0	0	0	0	0	0	0	0	0	0
Corynebacterium_glutamicum	0	0	0	0	0	0	0	0	0	0	0	0	0	0	0	0	0	0	0	0	0	0	0	0
Corynebacterium_maris	0	0	0	0	0	0	0	0	0	0	0	0	0	0	0	0	0	0	0	0	0	0	0	0
Corynebacterium_nuruki	0	0	0	0	0	0	0	0	0	0	0	0	0	0	0	0	0	0	0	0	0	0	0	0
Corynebacterium_pollutisoli	0	0	0	0	0	0	0	0	0	0	0	0	0	0	0	0	0	0	0	0	0	0	0	0
Corynebacterium_stationis	0	0	0	0	0	0	0	0	0	0	0	0	0	0	0	0	0	0	0	0	0	0	0	0
Corynebacterium_testudinoris	0	0	0	0	0	0	0	0	0	0	0	0	0	0	0	0	0	0	0	0	0	0	0	0
Corynebacterium_urealyticum	0	0	0	0	0	0	0	0	0	0	0	0	0	0	0	0	0	0	0	0	0	0	0	0
Corynebacterium_variabile	0	0	0	0	0	0	0	0	0	0	0	0.02104	0	0	0	0	0	0	0	0	0	0	0	0
Corynebacterium_xerosis	0	0	0	0	0	0	0	0	0.01801	0	0	0	0	0	0	0	0	0	0	0	0	0	0.00569	0
Lawsonella_clevelandensis	0	0	0	0	0	0	0	0	0	0	0	0	0	0	0	0	0	0	0	0	0.03555	0	0	0
Dietzia_alimentaria	0	0	0	0	0	0	0	0	0	0	0	0	0	0	0	0	0	0	0	0	0	0	0	0
Dietzia_cinnamea	0	0	0	0	0	0	0	0	0	0	0	0	0	0	0	0	0	0	0	0	0	0	0	0
Dietzia_maris	0	0	0	0	0	0	0	0	0	0	0	0	0	0	0	0	0	0	0	0	0	0	0	0
Rhodococcus_biphenylivorans	0	0	0	0	0	0	0	0	0	0	0	0	0	0	0	0	0	0	0	0	0	0	0	0
Rhodococcus_hoagii	0	0	0	0	0	0	0	0	0	0	0	0	0	0	0	0	0	0	0	0	0	0	0	0
Rhodococcus_pyridinivorans	0	0	0	0	0	0	0	0	0	0	0	0	0	0	0	0	0	0	0	0	0	0	0	0
Brevibacterium_iodinum	0	0	0	0	0	0	0	0	0	0	0	0	0	0	0	0	0	0	0	0	0	0	0	0
Brachybacterium_muris	0	0	0	0	0	0	0	0	0	0	0	0	0	0	0	0	0	0	0	0	0	0	0	0
Enteractinococcus_helveticum	0	0	0	0	0	0	0	0	0	0	0	0	0	0	0	0	0	0	0	0	0	0	0	0
Glutamicibacter_mysorens	0	0	0	0	0	0	0	0	0	0	0	0	0	0	0	0	0	0	0	0	0	0	0	0
Glutamicibacter_soli	0	0	0	0	0	0	0	0	0	0	0	0	0	0	0	0	0	0	0	0	0	0	0	0
Kocuria_palustris	0	0	0	0	0	0	0	0	0	0	0	0	0	0	0	0	0	0	0	0	0	0	0	0
Micrococcus_aloeverae	0	0	0	0	0	0	0	0	0	0	0	0	0	0	0	0	0	0	0	0	0	0	0	0
Micrococcus_luteus	0	0	0	0	0	0	0	0	0	0	0	0	0	0	0	0	0	0	0	0	0	0	0	0
Micrococcus_lylae	0	0	0	0	0	0	0	0	0	0	0	0	0	0	0	0	0	0	0	0	0	0	0	0
Micrococcus_terreus	0	0	0	0	0	0	0	0	0	0	0	0	0	0	0	0	0	0	0	0	0	0	0	0
Rothia_nasimurium	0	0	0	0	0	0	0	0	0	0	0	0	0	0	0	0	0	0	0	0	0	0	0	0
Cellulosimicrobium_cellulans	0	0	0	0	0	0	0	0	0	0	0	0	0	0	0	0	0	0	0	0	0	0	0	0
Ruaniaceae_bacterium_KH17	0	0	0	0	0	0	0	0	0	0	0	0	0	0	0	0	0	0	0	0	0	0	0	0
Tessaracoccus_aquimaris	0	0	0	0	0	0	0	0	0	0	0	0	0	0	0	0	0	0	0	0	0	0	0	0
Tessaracoccus_flavescens	0	0	0	0	0	0	0	0	0	0	0	0	0	0	0	0	0	0	0	0	0	0	0	0
Streptomyces_albus	0	0	0	0	0	0	0	0	0	0	0	0	0	0	0	0	0	0	0	0	0	0	0	0
Streptomyces_koyangensis	0	0	0	0	0	0	0	0	0	0	0	0	0	0	0	0	0	0	0	0	0	0	0	0
Nocardiopsis_alba	0	0	0	0	0	0	0	0	0	0	0	0	0	0	0	0	0	0	0	0	0	0	0	0
Atopobium_deltae	0	0	0	0	0	0.0013	0	0	0	0	0.00154	0	0	0	0	0	0	0	0	0	0	0	0	0
Olsenella_profusa	0	0	0	0	0.00036	0	0	0	0	0	0	0	0	0	0	0	0	0	0	0	0	0	0	0
Olsenella_scatoligenes	0	0	0	0	12.24066	0.07845	0	0	0	0	0	0	0.00562	0	0	0	0	0.0097	0.0219	0	0.30632	0	0	0.00135
Collinsella_aerofaciens	1.78204	2.3079	1.88024	0.03351	2.27039	0.57905	1.19314	9.00739	4.68822	1.35221	6.17086	1.9518	0.11341	0.662	0.6488	0.52046	1.03975	0.42035	0.29796	0.92783	0.09034	1.42805	6.93055	0.28517
Collinsella_intestinalis	0	0	0	0	0.00352	0	0	0	0	0	0	0	0	0	0	0	0	0	0	0	0	0	0.00059	0
Collinsella_stercoris	0	0	0.00078	0	0.00336	0	0	0.00969	0.00052	0	0	0	0	0	0	0	0	0	0	0	0	0	0.00409	0
[Collinsella]_massiliensis	0	0	0	0	0.00069	0	0	0	0	0	0	0	0	0	0	0	0	0	0	0	0	0	0.00301	0
Eggerthella_lenta	0.02818	0	0	0.49734	0.6763	0.00115	0.1449	0	0	0	0	0	0.05795	0.02718	0	0	0	0.03987	0	0	0.7509	0	0	0.09666
Gordonibacter_pamelaeae	0	0	0	0.03917	0.06615	0	0.00989	0	0	0	0	0	0.00362	0	0	0	0	0.00088	0	0	0.0645	0	0	0.00559
Slackia_isoflavoniconvertens	0.0124	0	0.01111	1.59462	0.62629	0.26366	0	0	0.16856	0.0037	0.12512	0	0.01549	0.47901	0.11432	0.05602	0.12926	0.06911	0	0.05195	0.43607	0.18066	0.00428	0.34951
Bacteroides_caccae	0	0	0	0	0	0.07119	0	0	0	0	0	0	0	0.77972	0	0	0	0.23229	1.13	0.01031	0.31201	0	0	0
Bacteroides_cellulosilyticus	0	0	0	0.01591	0	0	0	0.15106	0	0	0	0	0	0	0	0	0	0	0	0	0.02059	0	0.00756	0.36251
Bacteroides_coprophilus	0	0	0	0.00785	0	0.03546	0	0	0	0	0	0	0	0	0	0	0	0	0	0	0	0	0.15778	0.02772
Bacteroides_eggerthii	0	0	0	0.00331	0.2382	0	0	0.02025	0.10088	0.0068	0	0	0.00934	0	0	0	0	0	0	0.00288	0	0	0.02855	0
Bacteroides_fluxus	0	0.04048	6.97237	2.70166	0.49694	0.00542	0	0.04191	0	0	0	0	0.02282	0.03169	0	0	0	0.39865	0	0	0.07048	0	0.93609	0.00661
Bacteroides_fragilis	0	3.302	0.56009	5.22105	7.86759	0.46104	4.40887	0.01013	0	10.19969	0	0	0.01416	0.80726	0	0	0	2.43812	0.3042	0.10919	3.12956	5.03765	11.6767	6.78754
Bacteroides_graminisolvens	0	0	0	0	0	0	0	0	0	0	0	0	0	0	0	0	0	0	0	0	0	0	0	0
Bacteroides_heparinolyticus	0	0	0	0.00501	0	0	0	0	0	0	0	0	0	0	0	0	0	0.00853	0	0	0.19585	0.00508	0	0
Bacteroides_intestinalis	0	0	0.00368	0	0	0	0	0	0	0	0	0	0	0	0	0	0	0	0	0	0	0	0	0
Bacteroides_nordii	0	0	0	0	0	0	0.01731	0	0	0	0	0	0	0	0	0	0	0	0	0	0	0	0	0
Bacteroides_ovatus	0	0	0	0	0	0	0	0	0.00223	0	0	0	0.00378	0	0.00055	0	0	0	0	0	0	0	0	0
Bacteroides_plebeius	0.01519	0	2.2581	2.06321	0.18601	0	0	0	4.14674	0	0	0	0.15342	0	0	0	0	0	0	0	0.03298	0.01386	11.10345	0.33901
Bacteroides_pyogenes	0	0.04124	0.05339	0	0	0	0	0	0	0	0	0	1.02945	0	0	0	0	0	0	0.00425	1.45703	0	0	0
Bacteroides_sp_CAG_598	0	2.07933	0	0	0	0	0	0.02781	0	0	0.00069	0	0	0	0.13784	0	0.01035	0	0	0	0	0.0113	0.14325	0.09866
Bacteroides_stercoris	1.22773	0.22328	0	0	5.2073	3.02192	0	0	0	0	0	0	0	0	0	0	0	0	0.19879	0	0.01609	0	0	0
Bacteroides_thetaiotaomicron	0	2.34611	0	0.20695	0.63276	1.12878	1.42304	0.09114	0	0.14422	0	0	0.35826	0.06239	0	0	0	0.85006	0.60716	0.40668	0.988	0	0.04074	0.1671
Bacteroides_uniformis	0	0.95928	1.33108	0.0225	5.89236	4.15594	3.66763	0.74895	5.19053	2.49023	0	0.0608	0.04429	0.27854	0.04492	0.04426	0	0.09941	2.61985	0.24059	5.28392	0.20809	0.02633	0.1898
Bacteroides_vulgatus	1.19462	0.23223	12.2494	3.83725	1.04398	3.23165	3.43827	1.89662	7.22876	2.10249	0	0.7273	1.93145	3.32241	0.16849	0.34431	0.03683	1.23256	0.78999	4.55755	0.21682	0.77088	0.70492	1.81585
Bacteroides_xylanisolvens	0.02698	0	0	0	0.00557	0.08115	0.07576	0.01443	0	0.05257	0	0	0	0.09221	0	0	0	0	0	0.0051	0.00215	0.0101	0.01084	0
Barnesiella_intestinihominis	0	0	0	0	0	0.01747	0	0	0	0	0	0	0	0	0	0	0	0	0	0	0	0	0	0
Butyricimonas_synergistica	0	0	0.00023	0	0.00118	0.00031	0.0023	0	0	0.01026	0	0	0.0022	0.00236	0	0	0	0.00314	0.00447	0	0.00295	0.00156	0.00042	0
Butyricimonas_virosa	0.89949	3.57834	1.33339	1.3483	1.91039	0.73398	2.88732	0.34327	1.72869	4.63028	0.53663	0.19995	1.30102	1.57262	0.12839	0.11232	0.02059	1.18429	9.55816	0.98459	1.05385	1.06292	0.96954	2.40765
Paludibacter_sp_47_17	0	0	0	0	0	0	0	0	0	0	0	0	0	0	0	0	0	0	0	0	0	0	0	0
Petrimonas_mucosa	0	0	0	0	0	0	0	0	0	0	0	0	0	0	0	0	0	0	0	0	0	0	0	0
Porphyromonas_canoris	0	0	0	0	0	0	0	0	0	0	0	0	0	0	0	0	0	0	0	0	0	0	0	0
Sanguibacteroides_justesenii	0.20613	0.25764	0.35809	0.34809	0.35295	0.20996	0.73235	0.40178	0.28916	0.3955	0	0.16473	0.51943	0.95215	0.02172	0.0188	0.06482	0.22228	0.87855	0.6302	0.36748	0.38694	0.38488	0.34125
Prevotella_copri	0.71733	0	0	0	0	0	0	0.09491	0.03902	0	16.30566	0.00788	0	0.02943	0.06456	0	0.02282	0	0	0	0	0.00048	0	0
Prevotella_sp_AM42_24	0	0	0	0	0	0	0	0	0	0	0.18166	0	0	0	0	0	0	0	0	0	0	0	0	0
Prevotella_sp_CAG_1031	0	0	0	0	0	0	0	0	0	0	0.02125	0	0	0	0	0	0	0	0	0	0	0	0	0
Prevotella_sp_CAG_1092	0	0	0	0	0	0	0	0	0	0	0.48529	0	0	0	0	0	0	0	0	0	0	0	0	0
Prevotella_sp_CAG_279	0	0	0	0.42499	0.29496	0	0	0.23411	0	0.00643	0.09027	0	0	0.09344	0.0791	1.27263	0	0	0	0.11778	0	0.15929	0.05589	0.12172
Prevotella_sp_CAG_485	0	0	0	0	0	0	0	0	0	0	0	0	0	0	1.50675	1.55255	1.15066	0	0	0	0	0	0	0
Prevotella_sp_CAG_520	55.28342	15.25837	6.79492	3.45764	0.08485	1.95278	0	0.96016	1.65206	0.42511	12.932	38.82551	0.42144	24.84567	17.95224	52.21712	19.25742	0.59614	0.02524	0.06667	1.04623	0.15709	0.17262	10.67788
Prevotella_sp_CAG_873	0.02267	0	0.29271	2.72847	3.17333	30.06349	0.07926	0	0.41777	27.10225	2.88898	0	31.88666	0.06462	0	0	0	52.07802	0	5.99828	0	0.65897	2.16805	17.19928
Prevotella_sp_P2_180	0	0	0	0	0	0	0	0	0.10969	0.02139	0.71837	0.01862	0	0	0.04357	0.32526	4.81816	0	0	0	0	0	0	0
Prevotella_sp_P3_122	0.01061	0	0.00542	0	0	0	0.05582	0.03569	0.70032	0.18644	0.06872	0	0	0	0.00338	0.01197	0.39291	0	0	0	0	0	0	0
Prevotella_sp_P5_92	0	0	0	0	0	0	0.00323	0.00374	0.11767	0.01135	1.29341	0.47557	0	0.07234	0.54689	13.39244	4.72973	0	0	0	0	0	0	0
Prevotella_stercorea	1.9827	0.44485	0.20218	0.15628	0	0.06429	0	0.03391	0.03565	0.01409	0.53328	1.29782	0.01051	0.9007	0.57137	1.80714	0.73751	0.01956	0	0	0.03522	0.00486	0.00659	0.27674
Alistipes_indistinctus	0	0	0	0	0	0.15462	2.3515	0.18042	0.31612	0.27571	0	0	0.05905	0.02754	0	0	0	0	2.66566	0.76861	0.39168	0.00899	0.01674	0.01894
Alistipes_putredinis	0.11686	0.1072	0	0	0	1.50076	0	0	0	0	0	0	0.60314	0.42802	0	0	0	0.00813	1.6047	0.04274	0.13068	0.06461	0	0
Alistipes_shahii	4.72225	7.42408	0.84291	0.10052	1.38069	5.064	9.4174	3.1733	2.32214	0.58379	0	5.35499	7.18807	3.64312	0.72105	0.27053	0.17002	6.44838	4.5271	2.53597	6.65783	13.05565	3.7648	0.42683
Parabacteroides_chinchillae	0	0	0.00964	0.10026	0.01027	0	0.01197	0.01198	0	0.00324	0	0	0.00846	0.00254	0	0	0	0	0.0712	0	0.00906	0	0.0052	0.02499
Parabacteroides_distasonis	0.08086	6.18932	1.6419	2.50598	3.19706	0.88237	13.90661	6.35946	8.1224	5.5822	0	0.03563	5.96662	2.34699	1.50604	0.95507	0.24202	4.04513	6.1989	1.83166	3.6597	4.06818	4.64032	2.58983
Parabacteroides_goldsteinii	0	2.54712	0.00998	1.36391	0.56498	0	13.99389	19.72634	0.38525	1.54619	0	4.92785	0	1.62621	0.41449	0.05718	0.42923	1.10723	2.87032	4.11814	1.08297	5.3109	0	0.87193
Parabacteroides_gordonii	0	0	0.00893	0.05189	0	0	0.2389	1.77604	0	0	0	0	0.09401	0	0.00028	0	0.0082	0	0	0.05363	0	0	0	0
Parabacteroides_johnsonii	0	0	0	0	0	0	0	0.00318	0	0	0	0	0	0	0	0	0	0	0	0	0	0	0	0
Parabacteroides_merdae	0.01313	0.02483	0.10688	0.46346	3.80159	0.62537	1.23559	0.00908	0.46093	0.09129	0	0	1.45906	0.27357	0.07907	0	0	2.00689	5.90842	0.24805	4.52722	0.24085	3.68139	0.68143
Parabacteroides_sp_CAG_409	0	0.2506	0	0	0	0	0.18167	0	0.11058	1.23339	0.05817	0	0.65387	0	1.86017	0.15202	0.00803	0	0	0	0	0	0.50019	0
Chryseobacterium_sp_YLOS41	0	0	0	0	0	0	0	0	0	0	0	0	0	0	0	0	0	0	0	0	0	0	0	0
Myroides_odoratimimus	0	0	0	0	0	0	0	0	0	0	0	0	0	0	0	0	0	0	0	0	0	0	0	0
Myroides_xuanwuensis	0	0	0	0	0	0	0	0	0	0	0	0	0	0	0	0	0	0	0	0	0	0	0	0
Sphingobacterium_cellulitidis	0	0	0	0	0	0	0	0	0	0	0	0	0	0	0	0	0	0	0	0	0	0	0	0
Sphingobacterium_lactis	0	0	0	0	0	0	0	0	0	0	0	0	0	0	0	0	0	0	0	0	0	0	0	0
Sphingobacterium_mizutaii	0	0	0	0	0	0	0	0	0	0	0	0	0	0	0	0	0	0	0	0	0	0	0	0
Sphingobacterium_wenxiniae	0	0	0	0	0	0	0	0	0	0	0	0	0	0	0	0	0	0	0	0	0	0	0	0
Chlamydia_suis	0	0	0	0	0	0	0	0	0	0	0	0	0	0	0	0	0	0	0	1.20976	0	0	0	0
Fibrobacter_intestinalis	0	0	0	0	0	0	0	0.21903	0	0.00763	0.0111	0	0	0	0	0	0	0	0	0.00959	0	0	0	0
Fibrobacter_sp_UWH4	0	0	0	0	0	0	0	0	0	0	0	0	0	0	0	0	0.03984	0	0	0	0	0	0	0
Gemella_asaccharolytica	0	0	0	0	0	0	0	0	0	0	0	0	0	0	0	0	0	0	0	0	0.01096	0	0.00103	0
Caryophanon_tenue	0	0	0	0	0	0	0	0	0	0	0	0	0	0	0	0	0	0	0	0	0	0	0	0
Jeotgalicoccus_halophilus	0	0	0	0	0	0	0	0	0	0	0	0	0	0	0	0	0	0	0	0	0	0	0	0
Jeotgalicoccus_halotolerans	0	0	0	0	0	0	0	0	0	0	0	0	0	0	0	0	0	0	0	0	0	0	0	0
Jeotgalicoccus_sp	0	0	0	0	0	0	0	0	0	0	0	0	0	0	0	0	0	0	0	0	0	0	0	0
Salinicoccus_qingdaonensis	0	0	0	0	0	0	0	0	0	0	0	0	0	0	0	0	0	0	0	0	0	0	0	0
Salinicoccus_sediminis	0	0	0	0	0	0	0	0	0	0	0	0	0	0	0	0	0	0	0	0	0	0	0	0
Staphylococcus_arlettae	0	0	0	0	0	0	0	0	0	0	0	0	0	0	0	0	0	0	0	0	0	0	0	0
Staphylococcus_cohnii	0	0	0	0	0	0	0	0	0	0	0	0	0	0	0	0	0	0	0	0	0	0	0	0
Staphylococcus_equorum	0	0	0	0	0	0	0	0	0	0	0	0	0	0	0	0	0	0	0	0	0	0	0	0
Staphylococcus_nepalensis	0	0	0	0	0	0	0	0	0	0	0	0	0	0	0	0	0	0	0	0	0	0	0	0
Staphylococcus_saprophyticus	0	0	0	0	0	0	0	0	0	0	0	0	0	0	0	0	0	0	0	0	0	0	0	0
Staphylococcus_sciuri	0	0	0	0	0	0	0	0	0	0	0	0	0	0	0	0	0	0	0	0	0	0	0	0
Staphylococcus_xylosus	0	0	0	0	0	0	0	0	0	0	0	0	0	0	0	0	0	0	0	0	0	0	0	0
Aerococcaceae_bacterium	0	0	0	0	0	0	0	0	0	0	0	0	0	0	0	0	0	0	0	0	0	0	0	0
Aerococcus_urinaeequi	0	0	0	0	0	0	0	0	0	0	0	0	0	0	0	0	0	0	0	0	0	0	0	0
Aerococcus_viridans	0	0	0	0	0	0	0	0	0	0	0	0	0	0	0	0	0	0	0	0	0	0	0	0
Facklamia_ignava	0	0	0	0	0	0	0	0	0	0	0	0	0	0	0	0	0	0	0	0	0	0	0	0
Globicatella_sanguinis	0	0	0	0	0	0	0	0	0	0	0	0	0	0	0	0	0	0	0	0	0	0	0	0
Globicatella_sulfidifaciens	0	0	0	0	0	0	0	0	0	0	0	0	0	0	0	0	0	0	0	0	0	0	0	0
Jeotgalibaca_sp_PTS2502	0	0	0	0	0	0	0	0	0	0	0	0	0	0	0	0	0	0	0	0	0	0	0	0
Bavariicoccus_seileri	0	0	0	0	0	0	0	0	0	0	0	0	0	0	0	0	0	0	0	0	0	0	0	0
Enterococcus_asini	0	0	0	0	0	0	0	0	0	0	0	0	0	0	0	0	0	0	0	0	0	0	0	0
Enterococcus_avium	0	0	0	0	0	0	0	0	0	0	0	0	0	0	0	0	0	0	0	0	0	0	0.08831	0
Enterococcus_canintestini	0	0	0	0	0	0	0	0	0	0	0	0	0	0	0	0	0	0	0	0	0	0	0	0
Enterococcus_casseliflavus	0	0	0	0	0	0	0	0	0	0	0	0	0	0	0	0	0	0	0	0	0	0	0	0
Enterococcus_cecorum	0	0	0	0	0	0	0	0.04397	0.00565	0	0	0	0.03771	0	0	0	0	0.04701	0	0	0	0	0.41111	0
Enterococcus_faecalis	0	0	0	0	0.01598	0	0	0	0	0.0022	0	0	0	0	0	0	0	0	0	0	0	0	0.15442	0
Enterococcus_faecium	0	0	0	0	0	0	0	0	0	0	0	0	0	0	0	0	0	0	0	0	0	0	0	0
Enterococcus_gallinarum	0	0	0	0	0	0	0	0	0	0	0	0	0	0	0	0	0	0	0	0	0	0	0.04999	0
Enterococcus_hirae	0	0	0	0	0	0	0	0	0	0	0	0	0	0	0	0	0	0	0	0	0	0	0	0
Enterococcus_raffinosus	0	0	0	0	0.06783	0	0	0	0	0	0	0	0	0	0	0	0	0	0	0	0	0	0.60018	0
Lactobacillus_agilis	0	0	0	0	0	0	0	0	0	0	0.68004	0	0	0	0	0	0	0	0	0	0	0	0	0
Lactobacillus_amylovorus	1.97668	0.00863	9.50116	1.1469	0.00782	5.21407	0	1.38177	0.06498	0.00482	4.73713	0.04853	1.01308	0.23228	0.02858	2.83141	1.81291	0	0.05081	0.00855	0.01927	0.00353	0.11272	0.14755
Lactobacillus_brevis	0	0	0	0	0	0	0	0	0	0	0	0	0	0	0	0.03343	0	0	0	0	0	0	0	0
Lactobacillus_delbrueckii	0.3362	0.23697	0.12914	0.23249	0	0.93789	0.02851	0.14834	0.05189	0.01301	0.1549	0.23693	0.02062	0.52669	0.41082	0.13379	0.09442	0.00401	0.01583	0.06068	0.34172	0.08132	0.0098	0
Lactobacillus_farciminis	0	0	0	0	0	0	0	0	0	0	0	0	0	0	0	0.00629	0	0	0	0	0	0	0	0
Lactobacillus_johnsonii	0.02291	0	0	0.39348	0	0	0.17145	0	0	0	0.50005	0.07717	0	0	0.52066	0.045	0	0	0	0	0	0.00576	0.38758	0.05938
Lactobacillus_mucosae	0.10266	0.45506	0.34227	2.02165	2.51446	1.12867	0.0243	0.19399	0.01539	0.07349	3.79388	0	0.88204	0.17726	4.12853	0.56928	1.5351	0.90809	0.10795	0.30669	0.72808	0.05862	0.60058	0.96162
Lactobacillus_oris	0	0	0	0	0	0	0	0	0	0	0	0	0	0	0	0	0	0	0	0	0	0.02635	0	0
Lactobacillus_plantarum	0	0	0	0	0	0	0	0	0	0	0	0.05096	0	0	0.001	0.08809	0.01163	0	0	0	0	0	0.00376	0
Lactobacillus_pontis	0	0	0	0	0.01932	0	0	0	0	0	0	0	0	0	0	0	0	0	0	0	0	0	0	0
Lactobacillus_reuteri	0.08033	0	0.01579	0.55057	0.13872	0.02041	0.86937	0.00625	0.16139	0.8844	6.94755	0.15776	7.72571	0.2196	7.05997	1.68531	0.59993	0	0.7016	0.04641	0.01143	0.00301	4.29297	1.05879
Lactobacillus_rossiae	0	0	0	0	0	0	0	0	0	0	0	0.0012	0	0	0	0	0	0	0	0	0	0	0	0
Lactobacillus_ruminis	0	0	0	0	0	0	0	0	0	0	0	0	0	0	0	0.01639	1.06528	0	0	0	0	0	0	0
Lactobacillus_salivarius	0	0	0.11066	0.98559	0.09832	0	0.02261	0	0	0	0.19843	0	0	0	0.33054	0.16159	0.05472	0.02012	0.02803	0	0	0	0.65622	0.05585
Lactobacillus_vaginalis	0	0	0	0	0	0.03458	0	0	0	0	0	0	0	0	0	0	0	0	0	0	0	0	0	0
Pediococcus_pentosaceus	0	0	0	0	0	0	0	0	0	0	0	0	0	0	0.04278	0.28659	0	0	0	0	0	0	0.00256	0
Sharpea_azabuensis	0	0	0	0.01255	0	0	0	0.06844	0	0.07463	0	0	0	0.18602	0.09989	0.38413	6.93586	0.13575	0	0	0	0	0	0.02464
Weissella_cibaria	0	0	0	0	0.00122	0	0	0.00129	0	0	0	0	0	0	0.12064	0.43126	0.10474	0	0	0	0	0	0	0
Weissella_confusa	0	0	0	0	0	0	0	0	0	0	0	0	0	0	0.10948	0.16134	0.05838	0	0	0	0	0	0	0
Weissella_paramesenteroides	0	0	0	0	0	0	0	0	0	0	0	0	0	0	0	0.01207	0	0	0	0	0	0	0	0
Weissella_thailandensis	0	0	0	0	0	0	0	0	0	0	0	0	0	0	0	0	0	0	0	0	0	0	0	0
Streptococcus_ferus	0	0	0	0	0	0	0	0	0	0	0	0	0	0	0.01717	0	0	0	0	0	0	0	0	0
Streptococcus_gallolyticus	0	0	0	0.12941	0	0	0	0	0	0	0	0	0	0	0	0	0	0	0	0.17265	0	0	0	0.21838
Streptococcus_hyointestinalis	0	0	0.06833	0	0	0	0.02041	0	0	0	0.23699	0	0	0	0.28058	0.83555	0.74465	0	0	0	0.04234	0	0	0
Streptococcus_pasteurianus	0	0.01728	0	0	0.03369	0	0	0	0	0	0	0	0	0	0	0	0	0	0	0	0	0	0	0
Streptococcus_suis	0	0	0	0	0	0	0	0	0	0	0	0	0	0	0	0	0	0.02772	0	0	0.00036	0	0	0
Catabacter_hongkongensis	0	0.05122	0.00428	0.06286	0.56305	0	0.09058	0.04449	0.05311	0.00453	0	0	0.00594	0.1263	0.62272	0.01209	0.06908	0.01015	0.00311	0.01517	0.038	0.03389	0.07806	0.11947
Christensenella_minuta	0	0.22734	0.09144	0.60429	1.99648	0	1.00209	0.08434	0.26899	0.21446	0	0.01901	0.13157	0.07757	0.09867	0.0932	0.01356	0.11965	0.10049	0.09009	0.37416	0.05064	0.30785	0.39623
Butyricicoccus_porcorum	0	0	0	0	0	0	0	0	0	0	0	0	0	0	0	0	0	0	0	0	0	0	0	0
Butyribacterium_methylotrophicum	0	0	0	0	0	0	0	0	0	0	0	0	0	0.00365	0	0	0	0	0.00451	0	0	0	0	0
Clostridium_bolteae_CAG_59	0	0	0	0	0	0	0	0	0	0	0	0	0	0	0	0	0	0	0	0	0	0	0	0
Clostridium_bornimense	0	0	0	0	0	0	0	0	0	0	0	0	0	0	0	0.00399	0.00218	0	0	0	0	0	0	0
Clostridium_celatum	0	0	0	0	0	0	0	0	0	0	0	0	0	0	0	0	0	0	0	0	0	0	0	0.00396
Clostridium_disporicum	0	0	0	0	0	0	0	0	0	0	0	0	0	0	0	0	0	0	0	0	0	0	0	0
Clostridium_perfringens	0	0	0	0	0	0	0	0	0	0	0	0	0	0	0	0	0	0	0.1475	0	0	0	0	0
Clostridium_sp_CAG_242	0	0	0	1.47886	0.05311	0	0.05104	0.55274	0.1732	5.1128	2.03978	0	0	0	0.14631	0.11203	4.0706	0.98186	2.31578	0	0	0	0.80439	0.01232
Clostridium_sp_CAG_413	0	0	0	0	0	0	0	0	0	0	0	0	0	0	0	0	0	0	0	0	0	0	0	0
Clostridium_sp_CAG_590	0	0	0	0	0	0	0	0	0	0	0	0	0	0	0	0.09611	0	0	0	0	0	0	0	0
Hungatella_hathewayi	0.06888	0.00712	0.01254	0.01652	0.00709	0.00962	0.85505	0	0	0.05225	0	0	0.00037	0.02139	0	0	0	0.00168	0	0	0.01454	0.01108	0.0109	0.02213
Proteiniclasticum_ruminis	0	0	0	0	0	0	0	0	0	0	0	0	0	0	0	0	0	0	0	0	0	0	0	0
Proteiniclasticum_sp	0	0	0	0	0	0	0	0	0	0	0	0	0	0	0	0	0	0	0	0	0	0	0	0
Intestinimonas_butyriciproducens	0.50889	2.74075	6.18729	1.39931	0.7185	0.38546	0.94748	1.67819	0.70041	3.51581	0.22822	2.83616	0.46435	3.48673	5.22948	2.16344	5.39367	0.51455	0.69521	2.20622	0.19705	0.71589	0.83722	0.85086
Eubacterium_callanderi	0	0.02741	0.03205	0	0.09353	0	0	0	0.04905	0	0	0	0.03813	0.00592	0.05248	0	0	0.00043	0.01329	0.00453	0	0	0	0.16814
Eubacterium_coprostanoligenes	0	0	0	0	0	0	0	0	0	0	0.25964	0	0	0	0	0.00566	0	0	0	0	0	0	0	0
Eubacterium_hallii	0	0	0	0	0	0	0	0	0	0.00595	0	0	0	0	0.00261	0.02201	0	0	0	0	0	0	0.01033	0
Eubacterium_limosum	0	0	0	0	0.05137	0	0	0	0.00393	0	0	0	0	0.00306	0	0	0	0.00125	0.00468	0	0	0	0	0.04758
Eubacterium_pyruvativorans	0.11075	0	0.12692	0	0.18956	3.59487	0	0	0.03959	0.01884	0.00211	0	0.02312	0.03197	0	0	0.01673	0.00398	0.00123	0	0	0	0	0.05981
Eubacterium_sp_68_3_10	0.03053	0	0.02509	0.17358	4.06993	0.00287	0	0.15254	0.04235	0.04749	0	0	0.26894	0.64634	0.03935	0.01798	0	0.18374	0.27432	0.01	0.19368	0.09792	1.07275	0.22019
Anaerostipes_sp_494a	0	0	0	0	0	0	0	0	0	0	0	0	0	0	0	0	0	0	0	0	0	0	0	0
Anaerostipes_sp_992a	0	0	0	0	0	0	0	0	0	0	0	0	0	0	0	0	0	0	0	0	0	0	0	0
Anaerotignum_lactatifermentans	0.02388	0	0.11842	0.09467	0.17553	0.00562	0	0	0	0	0	0	0	0.06237	0	0	0.02507	0.06157	0.05835	0	0.00582	0	0.0682	0.00057
Blautia_coccoides	0	0	0.00026	0	0	0	0	0	0	0	0	0	0	0	0	0	0	0	0	0	0	0	0	0
Blautia_obeum	0	0	0	0	0.00074	0.0175	0	0	0	0	0.02929	0	0	0	0	0.00564	0	0	0.00985	0	0	0.00402	0.58232	0
Blautia_producta	0	0	0	0	0	0	0	6e-04	0	0	0	0	0	0	0	0	0.03511	0	0.00098	0	0	0	0	0
Ruminococcus_gnavus	0	0	0	0	0.05846	0	0	0	0	0.04286	0	0	0	0	0	0	0	0.00151	0	0	0	0	0	0
Ruminococcus_torques	0	0	0	0	0	0	0	0	0	0	0.01365	0	0	0	0	0	0	0	0	0	0	0	0	0
Coprococcus_catus	0	0	0	0	0	0	0	0	0	0	0.01502	0	0	0	0	0	0	0	0	0	0	0	0	0
Dorea_formicigenerans	0	0	0	0	0	0	0	0	0	0	0	0	0	0	0	0	0	0	0	0	0	0	0	0
Eisenbergiella_massiliensis	0.00878	0.72213	0.85645	2.51457	0.31278	0	0.95666	0.3537	0.58	0.91411	0	2.19033	0.63178	1.83833	0.43467	0.338	1.24816	0.30256	0.62603	0.88905	0.23166	0.73595	0.47625	0.80951
Faecalicatena_orotica	0	0	0	0	0	0	0	0	0	0	0	0	0	0	0	0	0	0	0	0	0.05322	0	0	0
Fusicatenibacter_saccharivorans	0	0	0	0	0	0	0	0	0	0	0.009	0	0	0	0	0	0	0	0	0	0	0	0	0
Clostridium_aldenense	0.03957	0.0562	0.3307	0.05252	0.00658	0.00462	0.22374	0.07171	0.0376	0.46281	0	0.11112	0	0.03675	0.10018	0.00832	0.18786	0.0238	0.13022	0.01293	0.03017	0.07245	0	0.05702
Clostridium_bolteae	0	0	0	0	0	0	0	0	0	0.00259	0	0	0	0	0	0	0	0	0	0	0	0	0	0
Clostridium_citroniae	0.00222	0	0	0	0	0.00832	0	0	0	0	0	0	0	0	0	0	0	3e-04	0.00245	0	0.02611	0	0	0
Clostridium_clostridioforme	16.4297	6.69768	5.8963	12.98032	0.65524	1.20536	1.77044	7.82693	0.94393	1.64555	0.09528	2.00701	5.19058	10.19208	1.18952	0.8979	1.29484	2.73412	3.56883	5.37054	1.3352	11.4031	1.83578	3.05571
Clostridium_lavalense	0.14395	0.11509	0.34356	0.12786	0.00224	0.15908	0.10342	0.56301	0.00584	0.05248	0	0.40401	0.05698	0.36952	0.06218	0.04038	0.12763	0.04259	0.05103	0.05903	0.02853	0.14486	0	0.03012
Clostridium_scindens	0.34199	7.74245	1.37402	4.94059	2.50325	0.11572	5.16676	1.78071	9.42081	3.84577	0.00573	3.60462	4.25078	7.41803	1.16345	0.33193	0.63779	3.38318	0.74018	5.42418	3.01607	2.9734	11.16553	11.8251
Clostridium_symbiosum	0.03949	0.1481	0.06148	0.35629	0.73533	0.5682	0.41763	0.02192	0	0.05988	0	0	0.21612	0.36486	0.22061	0.03642	0.11459	0.48617	0.26722	0.05199	0.25014	0.49096	0.33479	1.56512
Roseburia_hominis	0	0	0	0	0	0	0	0	0	0	0	0	0	0	0	0	0	0	0	0	0	0	0	0
Roseburia_inulinivorans	0.09355	0	0.90583	1.24215	0	0	0	0.43219	0	0.00125	0.03716	0.19687	0	0.0217	0.00735	0.14498	0	0	0.00829	0	0	0	0.00243	0
Roseburia_sp_499	0	0	0	0	0	0	0	0	0	0	0	0	0	0	0	0	0	0	0	0	0	0	0	0
Roseburia_sp_831b	0	0	0	0	0	0	0	0	0	0	0	0	0	0	0	0	0	0	0	0	0	0	0	0
Roseburia_sp_CAG_471	0	0	0	0	0	0	0	0	0	0	0.00171	0	0	0	0	0	0	0	0	0	0	0	0	0
Oscillibacter_sp_57_20	3.06579	1.26629	1.33195	1.05172	0.02505	0.3294	0.19051	0.10621	0.39036	0.37597	2.63604	1.20516	2.61975	3.31623	14.38894	0.72824	1.82319	0.64725	3.26018	0.84147	0.3782	4.19726	0.15739	0.10712
Oscillibacter_sp_CAG_241	0	0	0	0	0	0	0	1.63717	0	0	0	0	0	0	0	0	0	0	0	0	0	0	0.03535	0
Peptostreptococcus_sp_D1	0	0	0	0	0	0	0	0	0	0	0	0	0	0	0	0	0	0	0	0	0.00216	0	0	0
Romboutsia_ilealis	0	0	0	0	0	0	0	0	0	0	0	0	0	0	0	0	0	0	0	0	0	0	0	0
Anaeromassilibacillus_sp_An172	0.19675	3.79837	2.1128	23.73625	5.57438	0.01299	7.2584	13.58422	28.873	4.82867	0	14.91372	4.01873	10.67765	3.22415	2.13455	7.43892	1.7506	1.42274	19.94427	6.15241	2.84204	8.43393	16.63047
Anaerotruncus_colihominis	0	0.09202	0.00612	0.75388	0.23545	0.28828	0.40707	0.06809	0.10568	0.05233	0	0.00907	0.57883	1.38433	0.96317	0.19881	0	0.14225	0.0138	0.09957	0.01465	1.28286	0.082	0.04159
Faecalibacterium_prausnitzii	0.30214	0	0.02925	0.01726	0	0	0	0	0	0	1.89204	0	0	0.06414	0	0.09497	0	0	0	0	0	0	0	0
Flavonifractor_plautii	0.08351	0	0	0.00379	0.08062	0.03652	0	0	0	0.00703	0	0	0	0	0	0.02002	0.01069	0.1922	0	0	0	0	0.01564	0
Flavonifractor_sp_An306	0	0	0	0	0	0	0	0	0	0	0	0	0	0	0	0	0	0	0	0	0	0	0	0
Gemmiger_formicilis	0	0	0	0	0	0	0	0	0	0	0.12011	0	0	0	0	0	0	0	0	0	0	0	0	0
Gemmiger_sp_An194	0	0	0	0	0	0	0.13614	0	0	0	0	0	0	0	0	0	0	0.70066	0.19865	0	0	0	0	0.27961
Harryflintia_acetispora	0	0	0	0	0	0	0	0	0.02218	0	0	0	0	0	0	0	0	0	0	0	0	0	0	0
Pseudoflavonifractor_capillosus	0	0.07285	0	0	0	0	0	0	0	0.00956	0.00195	0	0	0	0	0	0	0	0	0	0	0	0	0
Clostridium_leptum	0	0	0	0	0	0	0	0	0	0	0	0	0	0	0	0	0	0	0	0	0	0	0	0
Clostridium_methylpentosum	0	0	0	0	0	0.0094	0	0	0	0	0	0	0	0	0	0	0	0	0	0	0	0	0	0
Eubacterium_siraeum	0	0	0	0	0	0	0	0	0.00548	0	0.01688	0	0	0	0	0	0.00697	0	0	0	0	0	0	0
Ruminococcaceae_bacterium_D16	1.29924	0.79425	0.45523	2.27449	0.02523	0.00596	0.00978	1.02945	0.08795	0.19843	0	0.3095	0.05832	0.76341	1.59618	1.69587	1.32273	0.0233	0.17306	0.16135	0.01486	0.36241	0.36458	0.04421
Ruminococcaceae_bacterium_D5	0.00647	0.56766	5.15202	1.69962	0.01146	3.49232	0.7525	0.27957	1.41093	2.96666	0.33175	3.1501	6.25915	1.14063	0.58844	0.96217	9.15367	0.97771	3.38782	2.21984	0.02985	0.3023	0.03735	0.03123
Ruminococcus_bicirculans	0	0	0	0	0	0	0	0	0.00056	0	2.63579	0	0	0	0	0	0	0	0	0	0	0	0	0
Ruminococcus_champanellensis	0	0	0	0	0	0	0	0	0	0.00468	0	0	0	0	0.00419	0.01755	0	0	0	0	0	0	0	8e-04
Ruminococcus_flavefaciens	0	0	0	0	0	0	0	0	0	0	0	0	0	0	0	0	0	0	0	0	0	0	0	0
Ruminococcus_obeum_CAG_39	0	0	0	0	0	0	0	0	0	0	0.01415	0	0	0	0	0.00357	0	0	0.00632	0	0	0.0025	0	0
Ruminococcus_sp_CAG_488	0	0	0	0	0	0	0	0	0	0	1.33843	0	0	0	0	0	0	0	0	0	0	0	0	0
Ruminococcus_sp_CAG_624	0	0	0	0	0	0	0	0	0	0.04389	0.12953	0.27663	0	0	0	0	0	0	0	0.0184	0	0	0	0
Ruthenibacterium_lactatiformans	0.01738	9.49856	0.14249	0.49769	0.60211	0.02838	2.12457	0.07615	2.48391	4.1463	0.02839	0.5025	0.11536	0.21914	1.26842	0.37501	1.20732	1.50583	0.86261	1.08219	0.66854	9.58408	3.59376	0.30727
Catenibacterium_mitsuokai	0.00168	0	0	0.10788	0.03561	0.00168	0	0	0	0	0.02175	0	0	0.0336	0.22945	0.03673	0.01383	0	0	0	0	0	0.07741	0.15246
Clostridium_innocuum	0	0	0	0.02383	0.0082	0	0.01135	0	0	0	0	0	0	0	0	0	0	0	0	0	0.01827	0	0.36226	0
Erysipelatoclostridium_ramosum	0	0	0	0	0	0	0	0	0	0	0	0	0	0	0	0	0	0	0	0	0.00179	0	0.00832	0
Erysipelothrix_larvae	0	0	0	0	0	0	0	0	0	0	0	0	0	0	0	0	0	0	0	0	0	0	0	0
Faecalicoccus_pleomorphus	0	0.00331	0.04543	0	0.34477	0	0	0	0	0	0	0	0	0.01108	0.07523	0.07514	0.074	0	0.03123	0.07242	0.84664	0.00429	1.50833	0.01191
Holdemanella_biformis	0.00081	0	0	0.02828	0	0	0.00109	0.02017	0	0	0.00407	0	0	0	0	0	0.00082	0.00032	0.00306	0	0.00222	0	0	0.00518
Holdemania_filiformis	0	0	0	0	0	0	0	0	0	0	0	0	0	0.0118	0	0	0	0.03693	0	0	0	0	0	0
Turicibacter_sanguinis	0	0	0	0	0	0	0	0	0	0	0	0	0	0	0.01946	0.01334	0	0	0	0	0	0	0	0
Firmicutes_bacterium_CAG_170	0	0	0	0	0	0	0	0	0	0	0	0	0	0	0	0	0	0	0.00793	0	0	0	0	0
Firmicutes_bacterium_CAG_555	0	0	0	0	0	0	0	0	0	0	0.01777	0	0	0	0	0	0	0	0	0	0	0	0	0
Firmicutes_bacterium_CAG_791	0	0	0	0	0	0	0	0	0	0	0	0	0	0	0	0	0	0	0	0	0	0	0	0
Firmicutes_bacterium_CAG_83	0	0	0	0	0	0	0	0.00353	0	0	0.20862	0	0	0	0	0	0	0	10.42609	0	0	0	0.00432	0
Acidaminococcus_fermentans	2.17297	0	0	0.03979	2.87436	0.07089	0	0.02047	0	0	0.50822	0	0.09057	0.19808	0.04406	0.10361	0.06455	0.18232	0	0	0	0.00611	1.05133	0.02718
Acidaminococcus_sp_CAG_542	0	0	0	0	0	0	0	0	0	0	0	0	0	0	0	0	0	0	0	0	0	0	0	0
Phascolarctobacterium_faecium	0	0	0	0	0	0	0.02863	0	0.01674	0	0	0	0.15047	0	0	0	0	0.05486	0.07016	0	0	0	0	0
Phascolarctobacterium_succinatutens	0.60843	2.36073	0.48639	1.05321	1.12207	0.76478	1.54822	4.77679	4.51219	3.05413	8.20875	0	0.69925	1.76408	18.40726	1.14347	9.33887	0.06462	0.29488	2.89339	0.64577	6.78544	0.57311	3.62461
Mitsuokella_jalaludinii	0	0	0	0	0	0.00791	0	0	0	0	0	0	0	0	0	0	0	0	0	0	0	0	0	0
Mitsuokella_multacida	0	0	0	0	0	0.67397	0	0	0	0	0	0	0	0	0	0	0	0	0	0	0	0	0	0
Allisonella_histaminiformans	0.0847	0	0	0	0	0.26433	0	0	0	0	0.04734	0	0	0.00842	0	0	0	0.00868	0.04501	0	0	0	0	0
Dialister_succinatiphilus	0	0	0	0	0	0.01935	0	0	0	0	0	0	0	0	0	0	0	0	0	0	0	0	0	0
Megasphaera_elsdenii	1.02861	0	0	0.4966	0.59588	0.90489	0	0.05011	0.92285	0.10053	13.1635	0	0.14893	0.80235	0.01235	0	0.70686	0.26782	0.20914	0.02336	0.06384	0.11962	0.41141	0.26612
Veillonella_parvula	0	0	0	0	0	0	0	0	0	0	0	0	0	0.00826	0	0	0.0872	0	0	0	0	0	0	0
Veillonella_sp_CAG_933	0	0	0	0	0	0	0	0	0	0	0	0	0	0	0	0	0	0	0	0	0.00198	0	0	0
Fusobacterium_mortiferum	0	0	0.80815	0	0	0	0	0	0	0	0	0	0.01759	0	0	0	0	0.0066	0.00373	0	0	0.03361	0	0
Fusobacterium_varium	0	0	0	0	0	0	0	0	0	0	0	0	0.02018	0	0	0	0	0	0	0	0.00526	0	0	0
Victivallis_vadensis	0	0	0.51479	0	0.0109	0.6905	0.01847	0.31642	0	0	0.0116	0	0.04238	0.20048	0	0	0	0	0.14354	0.01308	0.04282	0	0	0
Brevundimonas_diminuta	0	0	0	0	0	0	0	0	0	0	0	0	0	0	0	0	0	0	0	0	0	0	0	0
Falsochrobactrum_sp_HN4	0	0	0	0	0	0	0	0	0	0	0	0	0	0	0	0	0	0	0	0	0	0	0	0
Ochrobactrum_anthropi	0	0	0	0	0	0	0	0	0	0	0	0	0	0	0	0	0	0	0	0	0	0	0	0
Ochrobactrum_sp_POC9	0	0	0	0	0	0	0	0	0	0	0	0	0	0	0	0	0	0	0	0	0	0	0	0
Pseudochrobactrum_asaccharolyticum	0	0	0	0	0	0	0	0	0	0	0	0	0	0	0	0	0	0	0	0	0	0	0	0
Aquamicrobium_aerolatum	0	0	0	0	0	0	0	0	0	0	0	0	0	0	0	0	0	0	0	0	0	0	0	0
Paracoccus_alcaliphilus	0	0	0	0	0	0	0	0	0	0	0	0	0	0	0	0	0	0	0	0	0	0	0	0
Paracoccus_alkenifer	0	0	0	0	0	0	0	0	0	0	0	0	0	0	0	0	0	0	0	0	0	0	0	0
Paracoccus_solventivorans	0	0	0	0	0	0	0	0	0	0	0	0	0	0	0	0	0	0	0	0	0	0	0	0
Alcaligenes_faecalis	0	0	0	0	0	0	0	0	0	0	0	0	0	0	0	0	0	0	0	0	0	0	0	0
Bordetella_trematum	0	0	0	0	0	0	0	0	0	0	0	0	0	0	0	0	0	0	0	0	0	0	0	0
Oligella_ureolytica	0	0	0	0	0	0	0	0	0	0	0	0	0	0	0	0	0	0	0	0	0	0	0	0
Paenalcaligenes_hominis	0	0	0	0	0	0	0	0	0	0	0	0	0	0	0	0	0	0	0	0	0	0	0	0
Comamonas_kerstersii	0	1.86919	2.79962	0.08695	0.17666	0	0	0	0	0	0	0	1.78155	0	0	0	0	3.84682	0.40392	0.15222	3.16338	0.10544	0	0
Sutterella_parvirubra	0.01517	0	0.46555	0.0199	6.03595	2.1342	0.26903	0.41369	0.00289	0	0.04139	0	0.78311	0.04352	0	0.01166	0	0.24771	1.61781	0.07872	0.6297	0	0.21535	0.10962
Bilophila_wadsworthia	0.0575	0.2982	0.13834	0.13868	0.20783	0.14538	1.02667	3.06248	0.35878	0.22377	0	1.72807	1.02445	0.36663	0.11123	0.0321	0	0.64824	3.05252	0.50389	0.2408	0.44533	0.16207	0.22828
Desulfovibrionaceae_bacterium	0	0	0	0	0	0.15778	0.01432	0.05512	0	0.04036	0	0	0.00532	0	0.00156	0	0.02236	0	0.07757	0	0	0.0145	0	0
Desulfovibrio_piger	1.7089	2.70411	3.39808	1.14957	1.25603	1.26383	3.7063	4.00006	3.99393	4.07451	1.54171	5.04908	1.25541	5.46432	2.61855	1.69538	0.86577	0.70113	2.45628	2.89848	0.62786	3.18253	0.57356	1.25971
Arcobacter_cryaerophilus	0	0	0	0	0	0	0	0	0	0	0	0	0	0	0	0	0	0	0	0	0	0	0	0
Arcobacter_skirrowii	0	0	0	0	0	0	0	0	0	0	0	0	0	0	0	0	0	0	0	0	0	0	0	0
Campylobacter_coli	0	0	0	0.01106	3.38321	0.01877	0.05013	0	0	0.03322	0	0.01559	0.25426	0.02189	0	0	0	0.13889	0	0.08854	0.0084	0.00345	0.19519	0
Campylobacter_hyointestinalis	0	0	0	0	0	0	0	0	0	0	0	0	0	0	0	0	0	0	0	0	0	0	0	0
Campylobacter_lanienae	0	0	0.0124	0.05273	0	0	0	0	0	0	0	0	0.2365	0.01481	0	0.11713	0	0	3.3855	0	0	0	0	0
Campylobacter_mucosalis	0	0	0	0	0	0	0	0	0	0	0	0	0	0	0	0	0	0	0.00993	0	0	0	0	0
Campylobacter_sp_RM6137	0	0	0	0	0	0	0	0	0	0	0	0	0	0	0	0	0	0	0	0	0	0	0	0
Helicobacter_bilis	0	0	0	0.04842	0	0	0	0	0	0.03662	0	0	0	0	0.00308	0.00955	0	0	0	0	0	0	0	0
Helicobacter_equorum	0	0	0	0.05661	0	0	0	0.02115	0	0	0	0.02184	0.041	0	0	0	0	0.00982	0	0	0	0	0.50357	0.00113
Helicobacter_sp_10_6591	0	0	0	0	0	0	0	0	0	0	0	0	0	0	0	0	0	0	0	0	0	0	0	0
Helicobacter_sp_11_8110	0	0	0	0	0	0	0	0	0	0	0	0	0.0509	0	0	0	0	0	3.14772	0	0	0	0	0
Helicobacter_trogontum	0	0	0	0	0	0	0	0	0	0	0	0	0	0	0	0	0	0	0	0	0	0	0	0
Aliidiomarina_maris	0	0	0	0	0	0	0	0	0	0	0	0	0	0	0	0	0	0	0	0	0	0	0	0
Idiomarina_indica	0	0	0	0	0	0	0	0	0	0	0	0	0	0	0	0	0	0	0	0	0	0	0	0
Citrobacter_portucalensis	0	0	0	0	0	0	0	0	0	0	0	0	0	0	0	0	0	0	0	0	0	0	0	0
Escherichia_coli	0.2758	1.81772	16.83764	2.90586	3.96438	0.02416	4.65775	0.15824	0.32123	3.3752	0.53358	0.06272	0.32457	0.03099	0.09427	0.24487	0.27622	1.10169	3.63124	0.4467	3.94826	2.62436	6.87004	0.03687
Klebsiella_pneumoniae	0	0	0	0	0	0	0	0	0	0	0	0	0	0	0	0	0	0	0	0.00683	0	0	0	0
Klebsiella_quasipneumoniae	0	0	0	0	0	0	0	0	0	0	0	0	0	0	0	0	0	0	0	0	0	0	0	0
Klebsiella_variicola	0	0	0	0	0	0	0	0	0	0	0	0	0	0	0	0	0	0	0	0	0	0	0	0
Halomonas_hydrothermalis	0	0	0	0	0	0	0	0	0	0	0	0	0	0	0	0	0	0	0	0	0	0	0	0
Nitrincola_lacisaponensis	0	0	0	0	0	0	0	0	0	0	0	0	0	0	0	0	0	0	0	0	0	0	0	0
Actinobacillus_minor	0.00351	0	0	0	0	0	0	0	0	0	0	0	0	0	0	0.3074	0	0	0	0	0	0	0	0
Actinobacillus_porcitonsillarum	0	0	0	0	0	0	0	0	0	0	0	0	0	0	0	0.01688	0	0	0	0	0	0	0	0
Actinobacillus_seminis	0	0	0.00138	0	0	0	0	0	0	0	0	0	0	0	0	0	0	0	0	0	0	0	0	0
Actinobacillus_rossii	0	0	0	0	0	0	0	0	0	0	0	0	0	0	0	0.0065	0	0.00192	0	0	0	0	0	0
Acinetobacter_indicus	0	0	0	0	0	0	0	0	0	0	0	0	0	0	0	0	0	0	0	0	0	0	0	0
Acinetobacter_towneri	0	0	0	0	0	0	0	0	0	0	0	0	0	0	0	0	0	0	0	0	0	0	0	0
Oblitimonas_alkaliphila	0	0	0	0	0	0	0	0	0	0	0	0	0	0	0	0	0	0	0	0	0	0	0	0
Pseudomonas_alcaliphila	0	0	0	0	0	0	0	0	0	0	0	0	0	0	0	0	0	0	0	0	0	0	0	0
Pseudomonas_flexibilis	0	0	0	0	0	0	0	0	0	0	0	0	0	0	0	0	0	0	0	0	0	0	0	0
Pseudomonas_fluvialis	0	0	0	0	0	0	0	0	0	0	0	0	0	0	0	0	0	0	0	0	0	0	0	0
Pseudomonas_formosensis	0	0	0	0	0	0	0	0	0	0	0	0	0	0	0	0	0	0	0	0	0	0	0	0
Pseudomonas_guangdongensis	0	0	0	0	0	0	0	0	0	0	0	0	0	0	0	0	0	0	0	0	0	0	0	0
Pseudomonas_sp_MYb185	0	0	0	0	0	0	0	0	0	0	0	0	0	0	0	0	0	0	0	0	0	0	0	0
Pseudomonas_sp_TC_11	0	0	0	0	0	0	0	0	0	0	0	0	0	0	0	0	0	0	0	0	0	0	0	0
Vibrio_cincinnatiensis	0	0	0	0	0	0	0	0	0	0	0	0	0	0	0	0	0	0	0	0	0	0	0	0
Vibrio_metschnikovii	0	0	0	0	0	0	0	0	0	0	0	0	0	0	0	0	0	0	0	0	0	0	0	0
Stenotrophomonas_ginsengisoli	0	0	0	0	0	0	0	0	0	0	0	0	0	0	0	0	0	0	0	0	0	0	0	0
Stenotrophomonas_koreensis	0	0	0	0	0	0	0	0	0	0	0	0	0	0	0	0	0	0	0	0	0	0	0	0
Stenotrophomonas_rhizophila	0	0	0	0	0	0	0	0	0	0	0	0	0	0	0	0	0	0	0	0	0	0	0	0
Brachyspira_murdochii	0	0	0	0	0	0	0	0	0	0	0	0	0	0	0	0	0	0	0	0	0	0	0	0
Treponema_berlinense	0	0.03743	0.00085	0.0158	0.01218	0	0.23914	0.19423	1.69404	0.15838	3.63244	0.17843	0.01781	0.15972	1.09413	0.98547	0.27787	0.00113	0.05198	0.24248	0.00102	0.00958	0.01927	0.05082
Treponema_brennaborense	0	0	0	0	0	0	0	0	0	0	0	0	0	0	0	0	0	0	0	0.26298	0	0.06688	0	0
Treponema_porcinum	0	0	0.04093	0	0	0	0.51429	0.0522	0.50187	0.20463	0.33712	3.89529	0	0	0.41104	0.52817	0.07313	0	0	0.70293	0	0	0	0.08123
Treponema_succinifaciens	0	0	0	0	0	0	0	0.27592	0	0	0.15682	0	0	0	0	0	0	0	0	0	0	0	0	0.02929
Cloacibacillus_evryensis	0	0	0	0	0	0	0	0.00888	0	0	0	0	0	0	0	0	0	0	0	0	0	0	0	0
Cloacibacillus_porcorum	0.1455	1.68874	1.36173	0.92103	3.98843	0.16395	2.17523	0.31226	1.48986	0.23996	0	0.81158	1.46786	0.43198	0.40248	0.03477	0.2353	1.24014	2.24353	2.24271	12.90447	6.40698	0.2329	3.96582
Fretibacterium_fastidiosum	0	0	0	0.00248	0	0	0	0.0018	0	0	0	0	0	0	0	0	0	0.00147	0	0.00445	0	0.00213	0	0
Pyramidobacter_piscolens	0.04021	0.19148	0.01477	0.14881	0.16425	0.02389	0.00818	1.25006	0.31116	0.00182	0	0.05917	0	0.09792	0	0	0	0.1451	0.65032	0.34002	1.82646	2.24061	0	0.0545
Pyramidobacter_sp_C12_8	0.13783	0.50017	0.02847	0.48896	0.36669	0.0492	0.02511	3.24322	0.79114	0.01055	0	0.14343	0.00046	0.16653	0.00591	0.00041	0	0.39925	1.79236	1.00821	15.8154	5.91848	0	0.14551
Synergistes_jonesii	0	3.62908	0.00973	0.68431	0	0	0.04021	1.01428	0.17596	0.08672	0	0.00063	0.07661	0	0	0	0	0	0.09315	12.38316	0.03176	0.21336	0	0.01627
Acholeplasma_laidlawii	0	0	0	0	0	0	0	0	0	0	0	0	0	0	0	0	0	0	0	0	0	0	0	0
Acholeplasma_oculi	0	0	0	0	0	0	0	0	0	0	0	0	0	0	0	0	0	0	0	0	0	0	0	0
Akkermansia_muciniphila	0	0	0	0	0.10443	20.25233	0	0	0	0	0	0	0	0	0	0	0	0.81624	1.27224	0	9.62786	0	0.04505	0
Blastocystis_sp_subtype_1	0	0	0.00129	0	0	0	0	0	0	0	0	0	0	0	0	0	0	0	0	0	0	0	0	0
