Taxonomy	GXL_5075	GXL_10938	GXL_8500	GXL_5076	GXL_12940	GXL_7910	GXL_7834	GXL_7837	GXL_13164	GXL_12278	GXL_11720	GXL_4184	GXL_1936	GXL_11714	GXL_10199	GXL_9463	GXL_4092	GXL_10143	GXL_13198	GXL_1001	GXL_5777	GXL_10941	GXL_4337	GXL_4363
Thermoprotei	29	57	52	105	68	118	67	32	145	23	152	185	50	48	49	157	36	50	114	109	110	123	41	107
Archaeoglobi	42	169	61	68	16	22	85	50	85	21	45	90	83	29	78	41	15	60	46	143	93	118	17	247
Halobacteria	335	521	930	538	280	409	964	549	274	214	818	595	619	344	623	589	424	569	582	633	514	696	282	1001
Methanobacteria	5203	14437	1875	88503	29471	231305	105687	283923	6759	87316	37846	160882	25761	524290	271083	82394	64130	59623	209491	24290	116062	134155	114155	110724
Methanococci	44	84	140	143	80	68	140	14	17	61	334	270	32	56	77	52	31	73	92	54	25	79	38	112
Methanomicrobia	427	507	797	423	623	565	528	214	233	274	512	664	488	581	781	297	490	271	409	869	552	501	560	777
Methanopyri	0	6	0	0	0	0	1	0	0	0	3	0	3	1	0	0	0	0	0	4	0	3	0	2
Thermococci	378	251	252	238	359	246	285	276	122	535	460	159	347	193	315	717	878	142	952	247	288	395	84	804
Thermoplasmata	5904	261037	50572	71315	88065	58761	12238	290	34	100650	79154	45368	67111	155805	3932	83332	53734	38842	49886	176730	160123	53902	92401	51204
Nitrososphaeria	130	8	6	0	1	1	14	11	4	13	4	0	1	24	1	24	2	1	24	21	2	5	0	7
Acidobacteria subdivision 6	301	104	256	35	88	58	135	40	133	117	171	51	144	147	165	68	98	54	190	203	144	143	66	76
Acidobacteriia	1958	1107	775	966	747	1038	1091	805	1021	1079	1208	1359	886	673	1380	1561	1860	915	1827	1111	1480	847	640	1876
Blastocatellia	239	59	52	102	45	39	78	43	13	79	114	112	48	34	68	37	31	43	59	57	70	173	58	107
Solibacteres	137	277	212	37	134	204	218	59	20	104	308	174	153	174	349	90	196	65	71	215	345	195	195	354
Acidimicrobiia	17	62	36	117	29	50	22	33	61	32	41	40	70	33	20	33	26	44	25	19	214	49	50	24
Actinobacteria	44960	61141	31099	54090	48018	49527	43753	225686	71632	35167	67178	60144	52575	28778	48202	64080	44956	43519	50242	68998	62335	52798	80126	79630
Coriobacteriia	90193	57520	109797	300396	61830	47745	26480	155291	48545	114637	46238	40739	83475	35714	25458	49618	58009	414768	74419	149072	217244	31464	52697	47920
Nitriliruptoria	95	114	63	87	135	172	82	114	69	43	185	85	68	54	185	81	120	252	149	156	206	119	255	192
Rubrobacteria	653	138	289	398	184	171	530	236	43	84	307	231	230	72	282	291	283	66	115	122	262	308	340	406
Thermoleophilia	13	104	53	208	47	36	73	276	47	68	146	97	103	102	99	242	83	84	39	152	319	79	118	115
Aquificae	91	109	230	57	321	239	255	245	152	342	214	136	144	117	316	657	528	145	105	118	245	296	137	452
Chthonomonadetes	155	100	61	57	141	123	74	16	23	19	67	129	72	127	63	22	105	27	42	215	35	141	185	79
Fimbriimonadia	21	35	20	26	13	8	32	235	3	5	41	17	21	101	14	180	48	5	21	27	113	18	44	25
Bacteroidia	2773978	3889251	437368	3204283	1975581	1789110	645307	4872990	3705353	6707977	550354	408147	2998488	1295744	2398817	1435137	1734684	1827473	2660215	2526404	1783420	240689	4128387	1416917
Chitinophagia	1539	1575	1638	696	1118	992	1666	1195	1754	1947	1171	737	1063	1397	2292	488	1067	567	1728	1508	1241	1159	2791	1357
Cytophagia	21374	9364	10272	4245	6825	7190	15554	6276	11283	8747	9185	9010	7918	6467	9422	8759	11891	4098	12874	11310	5192	8354	10116	17186
Flavobacteriia	87569	39323	50488	39173	26488	27019	63915	30774	45101	43087	28281	30044	19301	29631	37314	18453	27294	18943	51764	32821	15127	27441	57597	43070
Saprospiria	520	221	352	91	105	143	284	258	151	114	147	156	100	118	580	67	415	58	175	227	143	202	779	344
Sphingobacteriia	3610	1932	2093	1804	1829	1267	2400	1973	2343	1374	1576	1899	1532	1576	4156	1512	3131	903	2849	2436	1575	1645	4420	2560
Caldisericia	0	1	10	17	98	11	97	0	0	3	16	7	2	9	0	17	1	22	2	5	2	130	0	1
Calditrichae	136	130	157	42	121	149	166	53	38	125	79	217	80	80	158	55	44	142	142	124	96	106	130	230
Chlamydiia	195	312	159	256	148	206	310	231	173	379	230	437	167	24235	176	126	137	103	332	217	249	279	125	157
Chlorobia	2351	1546	1195	1020	1169	1972	1953	855	1959	1683	1776	2057	1532	1269	1424	2117	1615	849	2586	2137	2096	1892	1334	3417
Anaerolineae	135	648	242	492	331	460	310	199	225	275	605	430	748	207	417	662	301	376	315	613	681	401	291	554
Ardenticatenia	40	182	121	188	202	155	97	92	130	40	239	163	246	90	135	216	130	134	274	170	249	194	155	197
Caldilineae	47	129	74	68	94	81	82	143	29	48	142	81	189	66	95	77	50	51	67	121	119	208	192	220
Chloroflexia	162	677	326	267	259	274	250	250	288	330	364	204	523	434	491	152	370	197	487	342	670	317	1145	750
Dehalococcoidia	353	828	1322	1693	4186	2997	410	913	284	656	710	783	856	310	416	3461	1021	745	541	1121	1452	881	1689	670
Thermomicrobia	224	229	490	288	230	257	194	401	222	116	200	351	341	108	288	268	208	153	203	260	285	325	274	387
Chrysiogenetes	79	112	74	73	73	130	96	60	120	57	132	141	108	109	85	96	38	19	130	115	81	96	90	144
Coprothermobacteria	2	3	27	2	3	5	7	0	2	5	10	2	0	2	9	3	0	1	2	2	2	12	7	4
Gloeobacteria	219	157	159	124	208	96	182	85	69	132	130	186	263	219	372	187	172	78	149	167	319	145	115	395
Deferribacteres	74	110	300	235	217	261	247	80	61	58	242	162	128	204	68	33	97	62	101	388	114	278	92	193
Deinococci	2643	4563	2009	3430	3427	4837	3367	3279	3231	2346	4524	6789	4099	1953	3474	5661	2489	2194	3228	5666	6157	4612	3790	7715
Dictyoglomia	4	63	19	115	143	158	25	51	16	26	91	29	109	102	16	47	35	86	79	261	70	59	66	62
Elusimicrobia	355	220	20	7	46	20	45	8	3	26	495	16	180	67	61	27	9	4	13	271	59	54	58	1072
Endomicrobia	13	63	40	35	124	38	11	68	11	22	51	35	90	60	102	28	42	91	96	51	172	27	26	124
Fibrobacteria	170	645	888	145	103	143	318	37	34	35	190	115	82	470	137	223	119	73	132	363	5929	1451	62	180
Bacilli	375051	220575	697347	947886	407459	388937	462211	159620	760986	244710	88956	731140	860655	68721	87444	83842	124072	316446	770869	107009	152596	193674	123601	151672
Clostridia	3996354	1410143	917706	1273561	2410856	1312520	712346	816609	601598	1378887	948351	1213422	2195855	1033900	875858	1525305	1285192	578094	1301348	1184615	1439178	838598	773294	1995077
Erysipelotrichia	12957	21782	14468	70020	36495	28977	7279	22476	2903	17024	16208	10921	14269	21809	7806	10993	12061	21743	13462	57653	19101	9613	15667	18511
Limnochordia	150	559	230	419	372	444	237	947	498	561	628	433	524	217	435	524	360	119	415	436	455	571	462	579
Negativicutes	377796	21009	394955	106939	38507	30640	28590	19306	111397	72463	9152	24527	9311	8963	20146	17898	6427	140356	31948	72452	19982	44108	7974	52951
Tissierellia	686	879	773	2111	1238	1487	814	4388	559	912	1418	936	516	1050	1338	1157	557	860	1030	1000	1211	1435	1404	960
Fusobacteriia	3710	645	656	1328	1777	1504	1155	3974	15259	4449	1026	657	96793	1339	2283	3096	284	549	12333	1655	2371	819	570	3269
Gemmatimonadetes	296	433	224	324	246	412	349	547	497	226	596	586	475	215	421	529	465	322	352	490	653	451	242	633
Ignavibacteria	34	107	123	111	239	162	127	249	104	62	131	100	214	135	626	39	34	201	104	320	112	147	836	103
Kiritimatiellae	223	205	116	81	171	151	139	81	177	78	328	251	341	228	197	71	194	133	228	153	369	170	183	406
Lentisphaeria	217690	33711	1211	4439	4324	4356	1229	903030	1457481	32308	1031	1480	49391	24058	40120	51140	71466	18702	316490	2207	15979	1566	11415	73918
Nitrospira	286	392	519	368	487	636	312	1249	490	331	472	660	329	364	605	1007	478	159	501	542	726	355	677	987
Phycisphaerae	155	307	148	125	176	103	220	196	133	220	246	157	220	170	312	461	582	207	666	281	152	231	94	352
Planctomycetia	855	1715	914	1080	936	1390	2097	2517	1202	1759	5478	2311	1390	823	1432	1506	851	530	1336	1691	1520	1655	1410	2193
Acidithiobacillia	214	167	144	120	147	103	208	292	207	86	298	430	125	132	246	380	183	103	208	293	154	333	202	555
Alphaproteobacteria	32529	37260	41780	28178	26815	31178	31248	44560	25291	26138	40578	35960	35048	21448	45119	45381	31570	21438	42849	41582	45071	33739	36790	53190
Betaproteobacteria	40239	32807	37552	25042	31204	28859	21959	487998	38540	788893	26053	26044	283174	26448	61274	35095	106131	45192	207302	32920	39079	24332	27266	36506
Deltaproteobacteria	142160	228168	64637	68298	90839	104194	82502	90053	161196	124977	179972	133863	247923	177980	178677	133790	99923	72366	176318	189031	254125	38274	173519	200021
Epsilonproteobacteria	9354	26222	6727	39622	26414	14805	13223	10029	7862	28978	11877	13534	13148	12561	215834	12358	8559	150134	50265	19063	22932	9504	11708	19492
Gammaproteobacteria	114946	693767	105858	1232946	393118	50278	106487	929175	45341	428348	55481	58717	2464503	70257	425455	213702	197021	412552	121166	103593	68729	64438	602685	72613
Hydrogenophilalia	62	74	276	21	48	68	42	8	39	161	34	54	47	40	63	28	14	44	29	63	34	60	61	59
Oligoflexia	221	139	314	128	94	91	443	341	117	215	161	211	94	277	672	381	411	67	620	253	216	164	603	222
Zetaproteobacteria	103	99	177	105	134	92	162	65	78	49	150	141	132	77	81	68	136	48	34	134	206	167	42	90
Spirochaetia	3503	15063	41087	5614	8371	31319	37483	2644	2026	9154	10878	12852	4684	22006	27913	9800	7894	25917	8709	22281	62477	35304	6346	8992
Synergistia	39929	39413	2609	36977	99858	438275	7884	2212058	30041	337591	39450	30081	137391	176622	203482	293517	105802	296768	158162	124293	38670	16916	196832	36253
Mollicutes	371	2994	2581	2801	9035	4430	1955	622	329	1676	1713	2495	1943	1763	1621	1300	836	2410	1820	2142	2457	2707	1430	2785
Thermodesulfobacteria	7	19	62	21	42	19	43	19	36	14	30	19	9	54	74	2	7	73	30	42	24	28	17	20
Thermotogae	353	240	648	231	492	377	517	654	135	421	635	362	302	447	607	582	854	384	877	475	315	541	355	763
Methylacidiphilae	0	13	10	6	1	9	15	97	9	40	1	10	1	7	286	0	7	6	61	10	5	19	429	8
Opitutae	1992	1350	659	790	1003	1325	2090	2545	1289	914	1220	1948	1313	561	1340	1803	1164	496	1420	1619	1251	1475	924	2151
Spartobacteria	11	86	84	2	0	0	31	5	0	31	1	40	1	11	2	0	3	15	79	8	130	35	4	3
Verrucomicrobiae	538	1176	510	7066	1196	713	861	1347117	2618153	167059	986	861	818	666	82979	1287	530	8309	764	1299	1038	881	1012	2193
