Taxonomy	GXL_5075	GXL_10938	GXL_8500	GXL_5076	GXL_12940	GXL_7910	GXL_7834	GXL_7837	GXL_13164	GXL_12278	GXL_11720	GXL_4184	GXL_1936	GXL_11714	GXL_10199	GXL_9463	GXL_4092	GXL_10143	GXL_13198	GXL_1001	GXL_5777	GXL_10941	GXL_4337	GXL_4363
Acidilobaceae	0	1	12	9	14	6	1	1	0	0	3	3	0	4	0	0	1	11	0	32	1	0	0	0
Caldisphaeraceae	0	1	1	2	0	1	0	0	0	0	2	2	0	4	0	1	2	0	4	4	4	0	2	2
Desulfurococcaceae	5	0	2	5	25	17	0	1	2	5	3	3	3	6	4	1	3	2	2	2	1	7	1	4
Pyrodictiaceae	2	9	2	9	0	2	7	1	0	2	21	1	4	1	7	1	3	0	0	14	3	32	1	2
Sulfolobaceae	5	5	13	20	7	2	7	17	66	4	8	38	5	5	7	44	1	15	2	5	48	14	7	6
Thermofilaceae	5	5	2	1	3	0	1	0	2	2	13	1	0	8	13	4	2	4	2	3	17	2	0	0
Thermoproteaceae	7	36	17	36	19	90	46	11	75	10	102	137	34	20	14	106	24	8	100	40	32	68	26	86
Archaeoglobaceae	42	169	61	68	16	22	85	50	85	21	45	90	83	29	78	41	15	60	46	143	93	118	17	247
Haloarculaceae	99	87	89	59	87	93	99	115	20	41	186	49	87	137	143	184	133	72	185	89	112	186	64	125
Halobacteriaceae	62	55	128	113	24	22	76	50	14	45	94	77	33	17	87	29	10	111	25	24	33	35	43	112
Haloferacaceae	6	98	244	51	45	106	637	36	51	18	248	207	117	18	35	46	126	179	32	71	72	195	62	412
Halorubraceae	12	17	28	23	10	12	29	152	36	23	19	115	23	28	37	125	24	29	37	126	48	29	16	83
Natrialbaceae	130	206	388	160	102	140	100	153	129	75	162	139	233	123	241	174	108	144	263	219	231	97	69	240
Methanobacteriaceae	5203	14437	1873	88503	29471	231304	105687	283923	6758	87316	37846	160882	25760	524290	271083	82394	64130	59623	209491	24290	116062	134154	114154	110723
Methanothermaceae	0	0	2	0	0	1	0	0	1	0	0	0	1	0	0	0	0	0	0	0	0	1	1	0
Methanocaldococcaceae	8	3	11	27	13	6	8	5	5	6	8	1	1	3	6	2	3	61	7	13	3	5	7	6
Methanococcaceae	36	81	129	116	67	62	131	9	12	55	326	269	30	53	71	50	28	12	85	41	22	74	31	106
Methanocellaceae	91	14	41	21	53	31	68	8	5	30	15	44	26	4	93	15	11	23	19	14	74	35	23	143
Methanocorpusculaceae	57	41	12	8	3	58	31	5	10	5	5	6	9	6	20	12	19	5	59	83	7	32	5	32
Methanomicrobiaceae	69	91	272	49	153	80	104	21	44	40	110	106	159	79	52	28	67	58	28	102	40	90	71	118
Methanoregulaceae	26	77	37	58	58	55	17	36	23	28	37	77	62	37	67	34	88	18	28	52	49	30	86	82
Methanospirillaceae	0	14	17	1	12	6	1	6	2	12	33	10	3	17	19	6	8	3	48	0	2	11	47	8
Methanosaetaceae	53	9	35	18	16	21	39	13	54	12	3	75	14	17	81	3	6	32	16	15	30	12	14	121
Methanosarcinaceae	130	248	374	267	324	310	259	125	95	146	303	340	214	415	444	196	286	116	207	589	344	289	308	267
Methanopyraceae	0	6	0	0	0	0	1	0	0	0	3	0	3	1	0	0	0	0	0	4	0	3	0	2
Thermococcaceae	378	251	252	238	359	246	285	276	122	535	460	159	347	193	315	717	878	142	952	247	288	395	84	804
Methanomassiliicoccaceae	5811	259244	45948	70882	87469	57861	10235	227	14	99739	78334	43945	66606	153968	2805	82875	53160	38489	48522	175175	158860	50278	90713	49497
Cuniculiplasmataceae	0	21	0	2	2	6	1	1	0	13	2	10	4	7	15	1	4	3	2	7	5	7	7	12
Ferroplasmaceae	0	8	4	4	1	2	1	0	0	4	1	3	0	2	0	1	5	3	1	3	2	1	0	6
Picrophilaceae	0	15	30	0	4	1	6	0	0	0	5	3	0	3	3	2	3	0	6	9	2	4	1	1
Thermoplasmataceae	0	11	3	1	0	1	2	1	0	5	3	3	1	5	1	0	1	0	6	5	25	2	6	3
Candidatus Nitrosocaldaceae	0	0	0	0	0	0	0	0	0	0	1	0	0	2	0	2	0	0	0	1	0	0	0	0
Nitrososphaeraceae	130	8	6	0	1	1	14	11	4	13	3	0	1	22	1	22	2	1	24	20	2	5	0	7
Nitrosopumilaceae	1	3	3	9	4	3	10	1	8	1	3	6	15	10	16	1	0	3	16	8	5	32	5	4
Vicinamibacteraceae	301	104	256	35	88	58	135	40	133	117	171	51	144	147	165	68	98	54	190	203	144	143	66	76
Acidobacteriaceae	1958	1107	775	966	747	1038	1091	805	1021	1079	1208	1359	886	673	1380	1561	1860	915	1827	1111	1480	847	640	1876
Solibacteraceae	137	277	212	37	134	204	218	59	20	104	308	174	153	174	349	90	196	65	71	215	345	195	195	354
Acidimicrobiaceae	17	62	36	117	29	50	22	33	61	32	41	40	70	33	20	33	26	44	25	19	214	49	50	24
Acidothermaceae	3	19	4	82	21	9	40	90	2	5	52	18	34	4	14	6	25	3	14	18	28	94	4	59
Actinomycetaceae	4977	11492	2681	3826	4620	4046	2897	38041	2859	3467	11610	5338	5542	3407	3132	6512	4239	5019	4472	9154	6954	5372	12427	8147
Actinopolysporaceae	9	18	18	31	27	53	17	25	43	8	14	68	32	16	32	53	18	13	7	61	50	24	21	47
Bifidobacteriaceae	6446	10832	4729	11078	12551	10920	4930	72044	37898	6879	7551	9051	7036	4602	5370	8706	6911	9274	7389	12284	8875	6286	35452	11779
Candidatus Nanopelagicaceae	80	65	75	85	91	103	184	78	27	36	88	113	111	36	92	20	42	74	56	65	158	151	552	60
Catenulisporaceae	133	144	62	47	41	31	90	54	57	35	165	248	85	49	181	200	32	243	88	178	65	72	139	292
Corynebacteriaceae	3332	4665	3118	5917	3459	4755	4580	7346	3206	2817	7698	6271	4498	2635	3715	4272	3166	3482	4734	8838	5305	5905	4868	7752
Dietziaceae	371	149	153	305	129	117	126	332	48	59	223	55	234	268	107	126	97	131	261	298	140	111	162	161
Gordoniaceae	127	325	260	342	645	284	292	884	280	244	297	257	367	160	421	322	262	332	278	402	610	291	433	555
Mycobacteriaceae	1413	1513	1325	1574	1454	1524	1292	3203	1221	817	1865	2237	1872	795	1744	1760	1224	1235	833	1875	1849	2201	2262	2296
Nocardiaceae	1370	1826	816	1172	1061	1346	1053	2399	1104	1216	1617	1367	1638	911	1290	1170	842	1253	1462	1808	2030	1096	1279	2253
Segniliparaceae	18	19	12	23	32	13	20	13	0	3	24	5	29	9	17	8	4	12	15	10	2	66	20	13
Tsukamurellaceae	29	137	56	114	84	138	35	206	332	433	70	53	98	57	36	42	47	75	247	48	79	60	55	49
Frankiaceae	328	352	397	493	256	732	459	582	528	271	410	794	414	196	598	886	199	392	275	542	1244	617	268	807
Geodermatophilaceae	537	291	169	213	179	256	401	244	186	119	278	348	213	167	362	315	158	110	124	310	466	262	147	556
Glycomycetaceae	74	79	49	100	144	246	119	105	110	74	111	239	206	54	74	160	120	55	46	166	79	179	281	106
Jiangellaceae	16	87	71	148	58	69	171	284	70	73	162	64	118	130	189	156	115	72	66	112	194	112	81	78
Kineosporiaceae	6	26	19	62	15	26	21	156	7	6	124	8	65	4	29	9	16	31	7	44	9	28	51	7
Beutenbergiaceae	151	160	71	30	42	45	96	476	11	41	120	72	98	31	156	18	32	70	47	136	47	42	60	230
Brevibacteriaceae	322	161	195	225	320	482	401	452	149	124	272	326	333	241	292	347	227	206	218	445	302	243	155	537
Cellulomonadaceae	122	299	94	229	224	136	133	1528	140	135	191	110	152	166	275	261	231	417	187	148	138	73	144	490
Dermabacteraceae	291	432	375	576	268	485	511	1650	513	316	620	975	378	116	498	1064	756	343	818	764	468	617	797	911
Dermacoccaceae	34	157	110	98	92	36	113	447	110	60	147	120	271	48	86	186	84	89	135	93	66	94	235	113
Dermatophilaceae	21	34	101	49	42	72	39	127	46	16	92	131	68	21	22	64	138	14	14	77	34	93	24	67
Intrasporangiaceae	191	161	169	257	219	217	135	1367	89	117	210	205	383	152	367	132	156	373	139	275	245	176	126	267
Jonesiaceae	0	5	29	3	8	101	20	9	5	4	10	7	6	8	6	6	2	9	0	43	17	123	13	13
Microbacteriaceae	3001	2605	1479	2302	1814	2020	2524	9779	1568	1559	2945	2439	2318	1381	2496	2558	1428	1915	1802	2656	2654	2385	1320	3503
Micrococcaceae	2343	1838	2042	4031	1972	1858	2196	4301	1578	1243	2719	2633	1905	1049	1837	2665	2802	1430	2754	2442	1898	2594	3094	2229
Promicromonosporaceae	117	276	179	236	61	146	207	2633	84	146	287	346	143	92	208	562	97	325	193	387	352	329	191	407
Sanguibacteraceae	22	46	18	58	40	24	42	377	49	13	31	15	19	10	23	25	8	45	99	51	51	24	3	35
Micromonosporaceae	885	1510	851	937	1036	959	1271	3028	439	478	1592	1615	1280	627	1390	1451	790	680	817	1319	1597	1390	866	1676
Nakamurellaceae	138	25	92	46	76	128	75	547	42	58	154	104	84	20	51	85	178	30	34	49	32	72	67	68
Nocardioidaceae	548	962	461	1225	769	775	638	2334	675	749	1127	908	1027	436	940	972	723	832	679	968	1328	812	608	1225
Propionibacteriaceae	2104	1566	1101	1951	1625	1379	2407	4380	1175	1456	2175	2140	1626	949	1963	1909	1231	1635	1574	2401	2447	1792	1755	2955
Pseudonocardiaceae	1243	1781	952	2035	1548	1709	1449	3283	1456	1466	2292	2136	1905	786	2310	2622	1610	1135	1934	2414	2271	1852	1073	3303
Streptomycetaceae	4224	6469	3067	4953	4630	4725	4756	14980	8209	3442	6841	6498	6884	3221	6946	8417	5932	4634	6564	6510	7596	6337	4530	8995
Nocardiopsaceae	234	280	155	202	474	192	324	631	97	210	466	262	360	927	408	337	343	259	292	320	486	309	315	507
Streptosporangiaceae	114	228	227	232	217	132	215	840	196	125	424	260	308	71	333	568	532	254	598	210	174	182	93	313
Thermomonosporaceae	154	195	69	206	141	68	139	301	32	106	187	421	157	113	225	486	37	150	242	326	387	102	165	373
Atopobiaceae	10172	6838	10742	16177	7748	16662	5571	15729	7481	75081	8078	11655	7763	5614	5452	9473	6063	302436	49590	12475	10160	8058	3642	10814
Coriobacteriaceae	65259	39609	92366	267980	3405	10352	12971	13389	33447	24738	25956	15747	63914	22674	9212	27414	42076	53138	6754	118417	190579	12821	30448	15616
Eggerthellaceae	12600	9048	4727	11657	48860	19725	6918	124192	6710	13667	10619	11480	9792	6369	9459	11100	8947	50450	16579	14870	13399	9015	17492	19302
Euzebyaceae	95	114	63	87	135	172	82	114	69	43	185	85	68	54	185	81	120	252	149	156	206	119	255	192
Rubrobacteraceae	653	138	289	398	184	171	530	236	43	84	307	231	230	72	282	291	283	66	115	122	262	308	340	406
Conexibacteraceae	13	104	53	208	47	36	73	276	47	68	146	97	103	102	99	242	83	84	39	152	319	79	118	115
Aquificaceae	5	18	63	17	23	30	102	14	13	27	51	32	16	29	17	1	5	12	46	52	10	78	24	21
Hydrogenothermaceae	7	7	79	22	43	59	48	8	113	54	36	34	7	14	25	5	4	19	12	16	11	101	29	28
Desulfurobacteriaceae	38	68	40	12	194	115	88	200	26	251	122	66	70	63	247	537	518	105	29	41	23	111	70	389
Chthonomonadaceae	155	100	61	57	141	123	74	16	23	19	67	129	72	127	63	22	105	27	42	215	35	141	185	79
Fimbriimonadaceae	21	35	20	26	13	8	32	235	3	5	41	17	21	101	14	180	48	5	21	27	113	18	44	25
Bacteroidaceae	589035	2251608	88414	2112597	1121776	1165269	162437	1448730	1446978	1856257	97292	90913	2317145	561351	472610	479643	653286	1117501	520320	1019634	280443	65688	1280124	468529
Barnesiellaceae	19101	14866	4465	15232	5487	6047	7515	9069	9254	17741	4231	3100	7306	4594	9023	2455	8063	8395	8642	16569	9425	2944	13443	10695
Dysgonamonadaceae	2701	602	1030	682	427	456	1169	940	590	888	391	286	929	812	1680	446	382	440	682	1428	693	497	2223	803
Muribaculaceae	13560	8614	5224	1980	4430	7552	9769	2944	17403	20303	2910	4631	7564	3686	3103	4976	9838	1902	16967	10916	4699	3889	2408	7378
Odoribacteraceae	30149	18556	7791	15339	9285	12602	8917	33767	14860	29037	11041	7312	10468	6178	72580	4274	9300	10207	14220	10064	10323	3889	98506	13577
Paludibacteraceae	886	1024	889	886	1049	467	1657	777	1863	497	1027	1067	566	1075	1496	444	1278	388	622	1262	1034	885	2067	903
Porphyromonadaceae	45461	4384	8606	2548	5384	5427	20057	12223	4722	5483	7251	6613	5242	3134	6093	5137	15720	2136	8855	4758	4620	6633	5893	16128
Prevotellaceae	519418	24571	249744	11321	38081	70290	234912	30656	63115	29019	107344	104616	71386	33827	18424	19443	97221	6084	37503	49520	18606	88853	19782	145114
Rikenellaceae	1296436	707240	7176	321437	489829	199197	32844	2522721	1871936	3542455	262591	48258	261938	469019	1145855	620903	465054	359258	1170953	578405	939494	15940	1459340	518657
Tannerellaceae	34946	736490	8686	645156	248580	266819	73769	701063	189065	1063186	12155	99993	228009	154144	587198	236268	394204	274757	772962	735747	457296	13870	1157571	147615
Marinifilaceae	299	135	143	185	49	105	256	121	111	82	94	150	80	50	292	27	78	56	102	106	35	124	250	173
Marinilabiliaceae	165	230	265	188	170	223	416	253	168	201	164	122	193	266	489	74	132	74	439	424	229	186	631	190
Prolixibacteraceae	132	115	179	157	137	56	275	404	173	152	109	89	37	177	776	66	186	188	128	201	332	178	1155	213
Salinivirgaceae	150	219	145	210	104	130	111	185	168	161	39	39	174	105	399	95	125	118	163	178	28	53	236	190
Chitinophagaceae	1539	1575	1638	696	1118	992	1666	1195	1754	1947	1171	737	1063	1397	2292	488	1067	567	1728	1508	1241	1159	2791	1357
Amoebophilaceae	111	182	238	199	273	209	326	318	140	217	525	168	143	492	565	617	736	89	954	262	99	288	515	633
Bernardetiaceae	18	12	64	7	9	8	11	97	36	3	22	31	12	55	296	11	8	38	44	20	20	13	391	7
Cyclobacteriaceae	1709	934	804	473	825	993	1574	843	1397	1737	1013	1142	760	1199	1528	1080	1150	338	1613	1221	642	1075	1799	1654
Cytophagaceae	6424	2047	2922	951	1765	1583	3751	2093	2761	2513	2301	1973	1966	1275	2426	3251	4356	832	4148	2265	1562	2043	2052	4371
Flammeovirgaceae	253	238	308	143	292	162	259	302	92	177	277	100	248	141	668	187	99	215	126	176	170	214	857	453
Hymenobacteraceae	10697	5406	4716	2137	3155	3634	8651	2163	6069	3669	4204	4859	4131	2774	3413	3188	4891	2275	5297	6539	2297	4092	4106	8718
Persicobacteraceae	227	47	233	87	49	99	142	190	61	73	47	49	94	41	89	47	70	62	75	126	63	157	67	72
Blattabacteriaceae	11	89	73	60	54	38	172	150	22	22	83	45	73	57	449	20	22	17	21	43	54	99	577	33
Crocinitomicaceae	194	39	164	48	182	82	200	136	117	33	38	74	26	38	486	41	52	26	19	60	28	122	581	108
Cryomorphaceae	17	86	39	10	13	33	63	75	16	8	15	6	7	22	51	10	22	25	24	25	17	49	36	23
Flavobacteriaceae	86251	38813	49946	38953	26027	26525	62870	30256	44800	42928	27726	29584	18962	29003	36100	18337	26975	18831	51192	32364	14850	26760	56265	42486
Ichthyobacteriaceae	1022	95	170	9	50	186	436	25	91	18	232	211	109	11	66	8	102	2	50	26	14	153	42	257
Haliscomenobacteraceae	315	150	221	57	83	110	234	74	135	52	131	144	74	101	115	53	371	29	77	193	101	161	138	281
Saprospiraceae	205	71	131	34	22	33	50	184	16	62	16	12	26	17	465	14	44	29	98	33	42	41	641	61
Sphingobacteriaceae	3610	1932	2093	1804	1829	1267	2400	1973	2343	1374	1576	1899	1532	1576	4156	1512	3131	903	2849	2436	1575	1645	4420	2560
Rhodothermaceae	760	1064	722	514	859	720	863	1850	947	726	731	656	618	549	939	721	801	568	676	1279	903	663	731	1386
Caldisericaceae	0	1	10	17	98	11	97	0	0	3	16	7	2	9	0	17	1	22	2	5	2	130	0	1
Calditrichaceae	136	130	157	42	121	149	166	53	38	125	79	217	80	80	158	55	44	142	142	124	96	106	130	230
Chlamydiaceae	143	166	63	185	75	96	231	69	45	89	139	95	96	24195	96	65	101	32	96	93	113	89	51	116
Parachlamydiaceae	14	100	72	50	54	84	47	22	120	279	30	29	16	26	58	36	20	50	202	77	95	50	50	15
Simkaniaceae	3	10	6	7	7	9	18	135	1	2	14	11	2	4	9	16	1	5	3	12	8	66	2	3
Waddliaceae	34	7	14	7	0	5	10	2	6	4	20	39	14	3	13	6	2	5	31	6	18	20	6	7
Chlorobiaceae	2351	1546	1195	1020	1169	1972	1953	855	1959	1683	1776	2057	1532	1269	1424	2117	1615	849	2586	2137	2096	1892	1334	3417
Anaerolineaceae	135	648	242	492	331	460	310	199	225	275	605	430	748	207	417	662	301	376	315	613	681	401	291	554
Ardenticatenaceae	40	182	121	188	202	155	97	92	130	40	239	163	246	90	135	216	130	134	274	170	249	194	155	197
Caldilineaceae	47	129	74	68	94	81	82	143	29	48	142	81	189	66	95	77	50	51	67	121	119	208	192	220
Chloroflexaceae	110	45	70	94	53	32	97	38	60	67	57	28	67	79	134	57	148	8	72	95	73	128	292	101
Roseiflexaceae	52	632	256	173	202	242	153	212	228	263	301	162	454	354	354	95	222	189	415	247	596	185	853	642
Dehalococcoidaceae	323	709	1228	1589	4049	2862	329	451	256	575	509	716	713	179	312	3380	917	699	445	906	1336	719	1604	545
Sphaerobacteraceae	179	128	63	202	191	65	108	350	66	43	124	112	195	48	223	73	134	79	128	104	154	76	162	233
Thermomicrobiaceae	45	101	427	86	39	192	84	51	156	72	76	239	146	60	65	195	74	74	75	156	131	249	112	154
Chrysiogenaceae	79	112	74	73	73	130	96	60	120	57	132	141	108	109	85	96	38	19	130	115	81	96	90	144
Coprothermobacteraceae	2	3	27	2	3	5	7	0	2	5	10	2	0	2	9	3	0	1	2	2	2	12	7	4
Gloeobacteraceae	219	157	159	124	208	96	182	85	69	132	130	186	263	219	372	187	172	78	149	167	319	145	115	395
Aphanothecaceae	3	11	35	55	4	4	35	6	2	32	1	13	3	10	26	6	1	29	14	14	10	13	5	11
Chroococcaceae	52	41	266	74	72	174	669	28	138	29	300	390	265	68	133	30	74	68	77	66	82	284	89	544
Cyanobacteriaceae	18	6	59	5	16	39	97	16	18	19	7	12	59	20	31	3	3	23	17	16	17	48	15	19
Microcystaceae	26	38	116	11	14	26	64	12	6	5	24	88	15	51	47	16	21	11	57	53	39	67	28	41
Chroococcidiopsidaceae	26	6	63	10	11	28	23	11	4	0	5	78	6	6	12	19	10	8	37	28	23	41	10	12
Gloeomargaritaceae	38	38	18	16	53	5	38	5	2	8	15	39	5	8	33	5	14	3	4	6	23	16	3	26
Aphanizomenonaceae	52	85	62	194	134	213	502	63	21	81	81	153	66	113	68	103	101	57	114	436	58	167	112	369
Fortieaceae	0	0	0	0	0	0	0	0	0	0	0	0	0	0	0	0	0	0	0	0	0	0	0	0
Hapalosiphonaceae	6	45	65	9	9	295	73	5	13	14	33	45	7	26	125	5	7	9	3	111	61	65	154	29
Nostocaceae	759	933	888	302	691	1490	2869	221	598	391	1537	1126	1271	858	700	146	883	328	742	466	1285	1152	929	2415
Rivulariaceae	241	90	265	213	193	294	551	76	233	84	170	422	166	136	216	235	325	263	109	219	436	263	132	483
Scytonemataceae	3	88	78	10	610	205	39	8	67	104	39	51	41	120	32	43	51	70	74	56	79	43	57	56
Tolypothrichaceae	0	0	0	0	0	0	0	0	0	0	0	0	0	0	0	0	0	0	0	0	0	0	0	0
Coleofasciculaceae	49	146	50	108	52	211	96	35	173	66	123	398	191	31	54	257	46	27	72	162	55	180	106	225
Cyanothecaceae	199	66	79	27	36	55	140	159	61	48	70	146	62	84	443	69	19	36	105	144	64	137	626	118
Gomontiellaceae	2	21	233	36	207	470	911	18	159	6	808	255	372	50	17	58	308	64	48	92	97	225	15	569
Microcoleaceae	216	122	257	69	175	209	546	29	209	39	192	311	112	136	67	149	138	52	50	144	62	270	156	413
Oscillatoriaceae	159	57	431	91	89	131	141	147	79	216	160	221	94	118	880	344	438	68	517	199	208	174	822	128
Dermocarpellaceae	5	21	52	26	25	39	37	7	10	8	65	32	8	78	5	1	29	33	61	62	12	49	11	9
Hyellaceae	0	5	46	17	3	4	75	4	5	14	10	51	7	9	8	6	11	5	3	9	6	20	1	13
Acaryochloridaceae	10	62	11	115	159	131	54	52	5	28	86	24	50	107	28	39	66	50	55	242	81	64	74	52
Chamaesiphonaceae	15	49	34	30	33	12	8	4	100	70	17	26	7	95	16	3	8	61	253	58	31	62	8	30
Leptolyngbyaceae	897	172	1094	284	263	661	584	153	528	329	177	765	461	88	176	530	224	156	213	454	415	505	80	491
Merismopediaceae	116	143	55	55	78	42	179	7	21	49	68	75	91	18	74	27	71	14	40	30	25	96	3	135
Prochloraceae	100	31	92	66	43	42	162	12	11	37	32	72	30	81	26	26	22	20	17	23	18	90	14	22
Prochlorotrichaceae	114	50	62	47	83	45	82	2	14	7	147	79	24	42	12	33	15	13	90	12	35	144	33	25
Pseudanabaenaceae	4	75	41	38	6	14	1	10	9	6	102	28	57	8	40	41	9	9	8	75	65	48	7	145
Synechococcaceae	1036	1870	1137	1270	1306	1634	1430	1983	1012	614	1556	1833	1611	775	2705	1935	1148	623	963	2207	2304	1825	3014	2557
Deferribacteraceae	74	110	300	235	217	261	247	80	61	58	242	162	128	204	68	33	97	62	101	388	114	278	92	193
Deinococcaceae	1379	2949	1175	1884	2321	3166	1860	2709	2169	1481	2597	4190	2594	1246	2229	3764	1589	1466	2134	4018	3889	2713	2490	5175
Trueperaceae	104	528	94	185	144	448	184	202	294	248	415	551	343	184	247	451	181	166	366	331	493	311	279	710
Thermaceae	1151	1011	724	1298	946	1209	1290	318	763	577	1461	1991	1154	511	959	1363	663	553	704	1262	1755	1555	974	1785
Dictyoglomaceae	4	63	19	115	143	158	25	51	16	26	91	29	109	102	16	47	35	86	79	261	70	59	66	62
Elusimicrobiaceae	355	220	20	7	46	20	45	8	3	26	495	16	180	67	61	27	9	4	13	271	59	54	58	1072
Endomicrobiaceae	13	63	40	35	124	38	11	68	11	22	51	35	90	60	102	28	42	91	96	51	172	27	26	124
Fibrobacteraceae	170	645	888	145	103	143	318	37	34	35	190	115	82	470	137	223	119	73	132	363	5929	1451	62	180
Alicyclobacillaceae	1523	914	776	1026	828	768	1057	344	283	490	1076	953	1149	299	720	452	641	415	541	543	964	766	1163	1266
Bacillaceae	3969	5794	6136	6497	7379	6914	6351	4702	3406	4160	6186	6287	5459	5623	5534	3999	3541	3969	7193	7456	7453	6151	7563	6940
Listeriaceae	75	208	260	345	329	356	253	75	118	157	152	322	159	159	205	114	172	131	108	175	251	188	208	267
Paenibacillaceae	4999	9961	6470	9059	7993	8724	7516	6683	4441	6081	9111	8623	7848	6027	7267	10216	7734	5073	11700	10614	10873	8151	8636	13512
Planococcaceae	749	595	674	884	601	845	804	628	284	413	615	660	593	491	880	356	538	366	732	848	615	672	1181	754
Sporolactobacillaceae	48	18	74	80	32	19	19	47	27	19	62	121	17	35	32	42	19	22	52	29	16	134	11	79
Staphylococcaceae	523	1407	1172	1862	2196	2406	1531	1153	378	1004	1073	1722	1015	1390	989	876	729	1121	1244	2035	1746	2051	1349	1656
Thermoactinomycetaceae	72	126	168	231	181	112	238	68	35	33	126	145	89	68	63	116	80	120	24	111	222	185	123	160
Aerococcaceae	213	433	318	880	758	976	403	452	311	283	469	801	366	407	328	397	268	581	224	1202	420	458	608	598
Carnobacteriaceae	103	187	582	328	191	375	340	43	102	96	144	424	114	109	100	109	102	126	47	124	148	297	104	171
Enterococcaceae	4648	7429	3477	65791	5208	7259	4112	4146	2739	13366	3778	7125	5431	3414	3574	4971	2958	6480	10567	14285	6156	4251	3268	6322
Lactobacillaceae	324471	163607	655706	797770	336010	304866	370039	114010	738298	188092	44613	659191	810408	27327	53178	36920	86180	278514	707145	26469	102251	134733	73793	85075
Leuconostocaceae	349	655	478	3379	880	1587	23656	409	252	477	730	8424	457	398	244	660	607	2014	633	359	1016	4605	355	602
Streptococcaceae	25015	15770	11976	39124	33326	38318	35856	18237	4336	21423	12003	19375	17346	17576	7444	10040	12487	9919	22901	26342	10382	21324	18092	17574
Christensenellaceae	3199	6991	1682	8832	8912	9078	2992	5239	3627	4008	6879	7750	8336	4538	4572	6537	5851	8730	6971	10013	7576	4463	7246	7180
Clostridiaceae	18398	29275	14101	58622	37633	50001	18852	27327	6842	27782	23435	16582	22003	26114	25298	17688	23937	29243	29785	57563	18248	22374	27700	34796
Clostridiales Family XIII. Incertae Sedis	971	1182	1591	8908	2951	4926	1526	4899	3599	1584	1397	2142	1977	948	1594	1532	1244	6519	2067	2200	2453	1679	2221	3090
Clostridiales Family XVI. Incertae Sedis	78	201	144	197	129	82	167	36	11	43	429	170	157	53	60	52	136	33	219	90	53	172	176	140
Clostridiales Family XVII. Incertae Sedis	345	335	192	831	486	1023	638	261	820	275	916	1421	643	170	369	1215	454	236	173	754	1304	958	285	1029
Eubacteriaceae	13951	59079	16608	65021	66358	102672	22909	28151	5985	22307	19194	42250	30628	27095	22817	38511	21355	59033	29220	79327	34880	18055	114771	61800
Heliobacteriaceae	953	422	326	626	492	1127	910	299	788	225	708	1403	714	176	412	1168	457	358	345	929	485	903	292	1256
Hungateiclostridiaceae	739	3156	1474	3128	2967	3486	1651	1397	402	2073	3043	1959	2155	2761	1522	1323	1416	1557	2609	5349	3243	2316	4234	3766
Lachnospiraceae	3354014	475585	115936	553426	1506806	548214	168207	395715	290592	893393	229878	201629	1053092	584257	441386	856572	670162	197010	836405	294094	709428	174044	295086	873775
Oscillospiraceae	39670	65740	33885	67939	87190	79101	75109	23586	57744	25704	164735	150131	127694	18532	54013	97391	110800	18812	29117	76327	125135	112052	14420	170362
Peptococcaceae	2005	5620	2603	4151	5857	4946	2545	2533	1068	3317	4901	4178	6446	4677	3851	3654	3322	3182	5507	7357	6561	3332	5234	6679
Peptostreptococcaceae	81682	68410	30344	71962	98766	67634	38057	48003	19726	49291	44722	51242	57315	51960	39989	63901	46971	42356	60628	92122	50927	41961	35346	100028
Ruminococcaceae	195810	139247	603378	134983	196397	159433	117837	66710	61364	113898	154299	225800	171657	88234	94884	178465	110917	75495	87653	245019	158374	125977	83161	262483
Symbiobacteriaceae	262	383	310	857	442	313	623	284	126	182	1031	1041	625	302	445	896	273	263	414	573	835	585	503	877
Syntrophomonadaceae	133	737	247	164	758	556	307	84	73	356	435	157	380	446	337	123	209	396	680	341	632	400	397	708
Halanaerobiaceae	128	201	140	174	200	140	127	51	43	67	91	83	77	206	76	94	114	105	92	93	89	89	91	115
Halobacteroidaceae	17	31	42	107	32	53	50	159	7	34	71	62	13	38	72	57	17	20	5	46	53	86	42	22
Natranaerobiaceae	11	17	21	45	38	51	21	12	0	4	57	35	25	36	7	4	18	17	17	75	24	22	22	32
Thermoanaerobacteraceae	700	1259	616	911	1332	879	862	699	289	545	1305	803	888	1023	1042	896	584	605	963	1295	1385	915	2278	1275
Thermoanaerobacterales Family III. Incertae Sedis	332	1764	724	902	1236	1789	805	414	730	918	1088	1169	1039	1296	1354	1038	563	1055	1554	1532	2493	1087	2135	2077
Thermoanaerobacterales Family IV. Incertae Sedis	58	467	123	667	189	138	367	87	5	77	789	379	209	110	245	93	72	51	42	176	347	515	382	113
Thermodesulfobiaceae	63	27	65	28	11	27	50	4	20	63	14	34	3	5	23	21	12	5	20	13	10	44	11	13
Erysipelotrichaceae	12957	21782	14468	70020	36495	28977	7279	22476	2903	17024	16208	10921	14269	21809	7806	10993	12061	21743	13462	57653	19101	9613	15667	18511
Limnochordaceae	150	559	230	419	372	444	237	947	498	561	628	433	524	217	435	524	360	119	415	436	455	571	462	579
Acidaminococcaceae	226683	2451	20065	68895	4001	5361	8874	916	10954	26974	1240	9513	1864	1506	1463	4714	1358	107823	11877	5569	4899	8500	1715	11425
Selenomonadaceae	9823	3792	10716	2211	2389	2269	9890	2309	4754	1605	3754	4447	3268	1943	2675	2655	2081	1863	2586	3077	4195	7696	2671	4363
Sporomusaceae	875	294	727	187	231	432	602	99	158	72	75	1173	264	271	189	356	182	107	353	561	446	549	176	315
Veillonellaceae	133493	13711	360204	35068	31561	21941	7417	15660	94725	43042	3814	7759	3663	4894	15645	9651	2633	29791	16478	62099	9879	25909	2955	36321
Gottschalkiaceae	17	95	40	236	222	226	60	130	12	193	185	60	89	146	69	96	83	138	94	230	313	78	239	97
Peptoniphilaceae	659	653	672	1773	953	1172	708	3941	445	669	972	837	400	732	755	1030	431	697	851	650	838	1219	519	830
Tissierellaceae	5	103	21	29	36	25	10	53	60	18	177	12	8	91	70	13	29	8	13	59	38	95	25	12
Fusobacteriaceae	3485	453	488	1060	1412	1182	813	3784	13384	4263	686	460	96701	1062	2122	3002	196	362	12191	1209	2161	523	394	2964
Leptotrichiaceae	153	187	155	261	284	295	329	176	1287	165	338	193	92	273	129	93	88	180	141	440	184	288	174	273
Gemmatimonadaceae	296	433	224	324	246	412	349	547	497	226	596	586	475	215	421	529	465	322	352	490	653	451	242	633
Ignavibacteriaceae	5	30	26	24	31	21	59	142	31	34	17	17	34	17	450	4	2	60	3	10	8	60	592	8
Melioribacteraceae	29	77	97	87	208	141	68	107	73	28	114	83	180	118	176	35	32	141	101	310	104	87	244	94
Kiritimatiellaceae	223	205	116	81	171	151	139	81	177	78	328	251	341	228	197	71	194	133	228	153	369	170	183	406
Nitrospiraceae	286	392	519	368	487	636	312	1249	490	331	472	660	329	364	605	1007	478	159	501	542	726	355	677	987
Phycisphaeraceae	112	182	58	70	94	65	148	48	27	27	136	120	159	56	88	77	66	140	57	130	88	142	57	113
Candidatus Brocadiaceae	92	67	49	75	16	10	96	105	20	22	108	125	39	43	482	77	15	21	183	126	194	89	589	91
Gemmataceae	150	332	90	157	70	149	131	136	327	515	346	137	162	122	130	105	71	100	297	276	189	141	92	350
Isosphaeraceae	129	158	169	232	216	160	176	1208	54	54	297	154	352	99	97	395	129	137	198	261	254	288	173	190
Planctomycetaceae	469	995	584	508	573	1006	1356	1063	794	1075	3577	1519	764	504	625	871	550	266	638	956	857	938	432	1352
Acidithiobacillaceae	214	167	144	120	147	103	208	292	207	86	298	430	125	132	246	380	183	103	208	293	154	333	202	555
Caulobacteraceae	1730	1295	1250	680	992	1226	961	1669	989	759	1056	1671	1283	764	1263	1344	811	728	917	1797	1465	1071	733	1452
Caedimonadaceae	19	5	61	0	0	6	0	0	0	1	13	0	1	7	28	0	0	3	3	1	2	5	0	1
Candidatus Paracaedibacteraceae	90	74	180	12	17	19	21	3	9	46	7	59	16	16	156	21	8	3	18	12	22	47	15	11
Holosporaceae	0	17	7	10	6	4	13	0	6	7	25	9	10	4	2	2	1	4	4	21	1	11	11	5
Magnetococcaceae	206	166	74	82	149	195	110	43	119	383	227	196	99	104	110	122	217	123	265	94	87	79	96	343
Parvularculaceae	0	19	76	37	12	38	28	183	3	6	34	27	15	17	19	343	6	12	15	13	74	30	10	26
Pelagibacteraceae	53	32	116	32	108	97	99	11	26	20	92	97	36	82	32	26	21	36	71	27	27	75	19	42
Aurantimonadaceae	90	261	405	140	134	138	294	63	138	76	313	208	223	86	268	167	99	69	231	304	355	217	216	413
Bartonellaceae	158	192	454	107	197	168	310	239	92	154	250	260	166	276	616	73	56	127	140	274	133	244	700	269
Beijerinckiaceae	37	69	134	29	62	74	112	27	15	10	46	58	67	25	63	100	42	5	30	49	321	187	53	85
Bradyrhizobiaceae	2015	2688	2810	2215	1913	2046	2146	4341	1648	1504	2918	2629	2652	1428	3250	4613	2879	1446	3584	3085	3959	2504	2123	3997
Brucellaceae	159	406	489	248	189	245	247	70	446	525	343	230	269	118	212	238	175	112	451	303	237	487	148	361
Chelatococcaceae	400	170	100	142	97	353	186	209	510	125	83	469	93	54	296	319	35	121	118	209	344	182	47	486
Cohaesibacteraceae	96	161	161	245	141	271	74	509	34	109	174	141	145	151	158	151	175	63	222	403	154	107	125	284
Hyphomicrobiaceae	1751	1575	888	523	869	834	1184	1262	405	727	1605	690	1218	1031	1278	832	631	1084	1465	980	2104	929	1190	2163
Methylobacteriaceae	1234	1072	1011	997	1061	815	1183	2199	667	820	1567	974	1370	507	2078	1885	2257	873	1932	1103	1384	1223	1647	2330
Methylocystaceae	158	116	129	111	191	126	120	613	128	112	131	274	95	103	161	462	107	38	155	131	405	193	179	160
Phyllobacteriaceae	996	1021	1282	984	905	979	950	1226	727	1075	1327	811	1256	570	1133	1441	1263	674	1718	1394	964	1325	1382	1407
Rhizobiaceae	2469	3403	3655	2967	2708	2594	2714	3817	1993	1835	4196	3312	3205	1932	3407	3829	1797	1883	3064	4457	3983	3554	3622	4352
Rhodobiaceae	298	987	505	143	376	421	478	210	107	412	547	441	673	718	713	143	245	389	822	515	1138	287	654	1293
Xanthobacteraceae	488	576	289	408	248	516	394	777	446	204	455	635	493	294	395	833	242	341	245	715	685	509	529	983
Hyphomonadaceae	1220	270	388	122	135	322	891	96	124	98	447	365	296	89	184	144	269	157	129	204	132	313	221	510
Rhodobacteraceae	4161	4838	5789	4608	4278	4683	4428	6159	4821	3717	5478	5474	4470	2615	6088	6466	4507	3163	5717	5517	5080	4905	4680	6433
Acetobacteraceae	1942	1798	2098	2038	1359	1828	1876	1134	1226	1101	2605	1946	1794	1005	2263	1460	1338	946	1626	2888	1476	1690	2558	2332
Rhodospirillaceae	1749	2509	4033	1855	2009	2659	1909	2425	1701	1961	2807	2741	2374	1277	3933	2651	1850	1424	2449	3097	3910	2369	3432	3933
Anaplasmataceae	94	85	113	181	153	153	135	278	46	100	88	102	87	109	195	91	40	106	99	93	151	103	141	162
Candidatus Midichloriaceae	15	6	49	0	0	10	27	1	0	3	0	3	2	19	2	2	0	2	4	4	5	24	2	19
Rickettsiaceae	120	55	142	204	63	66	74	55	60	50	530	69	41	36	113	12	2	92	44	113	124	73	433	39
Erythrobacteraceae	1692	2129	1144	985	954	1914	1622	1171	1593	1685	1679	2238	1885	1152	2150	1822	1110	1181	2219	2130	2473	1442	1510	3447
Sphingomonadaceae	3451	2973	3233	2393	2231	2058	2925	4798	1960	3067	3459	2759	2766	2111	4705	5819	4813	1986	5472	3461	4114	2572	2830	5248
Alcaligenaceae	2515	3050	3363	2581	2408	2315	2382	5557	2562	2145	2884	2990	2918	1610	3578	3817	2510	2257	3077	3955	3629	2072	2654	4162
Burkholderiaceae	5406	7230	6160	4539	4524	4977	3999	6054	5411	4133	5265	4434	6609	3644	6904	4205	3240	5200	6085	6879	8547	5023	6077	7560
Comamonadaceae	4110	4593	3985	3942	11299	4773	4207	459933	4125	763963	4926	5329	254329	12898	30318	11393	87313	13688	179243	6058	6533	3640	4897	6793
Oxalobacteraceae	2179	1927	2313	1737	1129	2001	1759	1215	1758	1642	1674	2102	1752	903	1848	2418	1770	1210	1860	2113	1821	1563	1534	2234
Sutterellaceae	10289	1541	7865	2648	2616	2657	478	2671	14010	4107	367	599	4489	595	5086	569	773	13550	3172	1435	2342	1137	1181	723
Chromobacteriaceae	1303	935	1089	924	812	1106	956	1031	821	598	1336	1041	1167	516	890	1612	1004	459	1034	1209	1683	920	1218	1164
Neisseriaceae	1504	1950	1804	981	1260	1613	1451	2086	955	1578	1303	1550	1474	1090	1829	1970	1766	835	1581	1458	2526	1537	1617	2046
Gallionellaceae	235	358	377	379	374	372	274	141	167	175	357	191	274	254	297	224	219	215	431	688	419	569	267	265
Methylophilaceae	256	291	357	252	282	168	262	157	458	162	260	308	299	137	259	104	345	134	244	258	224	317	228	347
Nitrosomonadaceae	223	1424	463	233	488	540	356	632	192	625	588	288	762	867	1263	476	398	336	1306	558	1539	435	1452	1299
Sterolibacteriaceae	131	251	120	97	86	62	54	58	71	43	90	37	121	43	125	36	32	101	75	149	132	46	464	170
Thiobacillaceae	186	119	47	71	53	92	131	65	37	43	46	73	51	12	167	31	54	69	46	60	85	59	62	159
Azonexaceae	244	105	303	47	110	101	52	462	114	107	191	74	84	125	185	122	85	241	78	127	238	79	102	94
Rhodocyclaceae	171	148	215	180	95	120	101	166	111	214	126	160	205	44	118	75	82	250	176	126	168	104	104	147
Zoogloeaceae	779	864	1103	665	639	633	547	897	528	744	857	477	1010	468	1161	946	1088	634	1236	838	1442	893	536	865
Candidatus Desulfofervidaceae	6	2	17	11	10	31	6	2	2	5	5	4	40	7	5	5	3	2	9	1	5	5	3	4
Bradymonadaceae	47	241	83	74	53	34	88	13	7	10	190	86	147	65	72	27	87	23	39	153	113	154	64	296
Desulfarculaceae	182	335	113	389	387	580	338	1146	466	247	661	955	505	163	946	1009	402	270	359	720	691	721	211	837
Desulfobacteraceae	483	1482	542	1123	911	924	740	721	187	725	1350	1192	1338	819	1462	732	921	385	991	1374	1748	885	2025	1644
Desulfobulbaceae	432	399	419	244	359	322	321	401	186	378	393	466	684	368	495	373	271	221	625	403	673	305	272	465
Desulfohalobiaceae	34	103	35	109	38	58	63	31	90	102	209	45	59	45	144	183	23	16	131	90	207	55	122	47
Desulfomicrobiaceae	368	1132	314	616	367	806	347	389	934	1223	980	412	709	608	1365	723	695	390	1214	1096	1211	316	977	698
Desulfovibrionaceae	132740	214419	56895	57970	81490	93581	73006	78304	152259	114488	162938	119736	234052	170049	160957	119040	89633	65741	160594	174852	236778	26844	161579	182067
Desulfurellaceae	25	41	91	78	25	4	52	9	29	20	53	33	6	41	16	39	30	14	23	22	9	39	19	6
Desulfuromonadaceae	919	1593	716	690	977	1134	1046	1330	1089	1167	1657	1813	1672	1173	1380	1764	940	543	1520	1680	2001	1236	1586	2303
Geobacteraceae	1770	2322	1357	2173	1706	2641	1691	2373	2694	2755	3233	2648	2580	1362	3549	3192	2497	1397	4107	2665	2464	2144	1849	3256
Anaeromyxobacteraceae	524	748	211	632	630	562	499	290	221	293	725	699	661	465	821	542	446	500	322	689	592	643	452	1076
Archangiaceae	319	604	306	495	313	427	511	508	303	282	718	623	509	305	578	958	374	465	352	697	881	458	431	674
Kofleriaceae	580	239	175	220	115	373	321	123	304	149	333	551	234	94	241	334	182	104	180	335	216	298	165	443
Myxococcaceae	771	941	509	1154	691	429	755	274	443	387	1326	899	980	301	795	527	455	556	599	778	1196	750	625	1087
Polyangiaceae	555	1225	526	541	566	611	572	905	300	464	870	645	852	734	801	1041	486	655	932	686	1423	632	740	1493
Sandaracinaceae	82	137	130	233	102	68	126	20	44	49	316	293	137	71	130	91	74	50	67	132	72	163	66	400
Vulgatibacteraceae	50	95	63	145	74	101	115	507	207	70	148	311	198	91	138	341	27	159	248	286	255	232	107	202
Syntrophaceae	92	319	227	120	322	150	192	670	64	182	411	148	237	208	490	248	97	97	341	422	479	382	245	280
Syntrophobacteraceae	78	103	176	76	52	67	119	544	140	71	251	229	113	106	632	133	155	24	159	170	106	173	206	112
Campylobacteraceae	8500	22141	5829	31376	21017	14011	11260	9261	7632	27529	10820	11585	12296	12034	137228	11821	8201	149722	45973	18462	21586	8244	10696	18141
Helicobacteraceae	665	3924	523	7828	5023	655	1688	494	139	1337	678	1740	588	396	77566	442	203	240	4048	392	1165	942	307	1128
Nautiliaceae	40	29	40	56	207	51	62	177	11	9	15	35	10	24	395	13	22	32	6	10	4	44	576	10
Acidiferrobacteraceae	284	304	140	278	231	262	241	155	262	188	413	361	396	178	468	291	237	194	129	391	349	430	144	865
Aeromonadaceae	1619	1767	2803	1560	1798	1919	1899	1430	1380	1554	2408	3159	2299	842	1476	2514	2183	1003	2042	1968	1666	2243	1471	2974
Alteromonadaceae	898	952	1122	684	671	1014	951	651	743	679	886	1062	787	467	1271	1240	1144	627	1225	1051	1131	874	1356	1650
Colwelliaceae	12	49	196	53	70	52	97	18	38	46	123	52	37	182	83	48	41	92	99	156	122	129	126	54
Ferrimonadaceae	47	40	47	40	47	49	63	83	16	62	96	33	52	27	100	79	46	14	43	39	86	54	54	77
Idiomarinaceae	30	104	140	51	44	26	150	72	67	22	112	37	81	29	72	16	24	14	81	78	25	86	28	49
Moritellaceae	13	80	69	103	3	22	35	66	67	15	177	8	8	10	272	2	2	198	8	65	10	99	336	6
Pseudoalteromonadaceae	425	227	548	261	291	208	648	404	580	183	275	358	187	190	1041	106	384	266	175	286	179	353	1360	400
Psychromonadaceae	82	28	28	78	197	131	61	56	1	56	75	102	46	137	123	42	17	52	50	167	89	61	97	191
Shewanellaceae	480	643	1052	435	600	878	826	258	932	661	567	736	567	420	468	476	455	414	692	894	515	764	578	737
Cardiobacteriaceae	10	26	433	12	14	17	20	1	3	26	60	20	14	25	74	0	14	5	90	10	7	29	16	6
Cellvibrionaceae	170	526	296	183	100	239	188	599	128	298	281	135	261	88	387	236	91	128	186	413	282	263	337	309
Halieaceae	221	249	166	65	134	186	312	31	413	523	156	245	138	99	305	172	97	59	394	189	97	241	119	246
Microbulbiferaceae	257	284	230	221	220	159	199	87	319	92	216	226	165	83	231	113	244	125	256	223	313	346	241	199
Spongiibacteraceae	125	126	118	223	90	171	99	60	11	88	77	97	75	91	50	76	126	50	152	59	66	75	99	111
Chromatiaceae	1123	546	554	741	776	1099	916	1077	978	507	963	1494	730	398	700	1480	516	578	854	1037	1123	921	271	1405
Ectothiorhodospiraceae	1305	921	819	996	1209	1147	1247	962	1228	693	1697	1736	1724	757	1807	1477	1225	754	1002	1322	2443	1526	1415	2158
Granulosicoccaceae	44	33	65	42	50	17	48	14	26	28	37	28	36	34	14	40	23	33	63	37	101	32	91	36
Halothiobacillaceae	14	78	65	36	27	81	27	28	44	40	128	69	41	51	120	44	47	41	56	52	72	58	49	105
Wenzhouxiangellaceae	22	46	40	45	6	11	36	7	2	16	8	49	35	11	22	39	45	8	10	10	58	33	64	18
Woeseiaceae	12	82	28	68	30	35	21	178	93	218	18	36	67	18	223	489	551	51	666	67	37	23	38	151
Budviciaceae	40	142	127	163	106	196	76	43	18	82	87	71	111	54	82	29	102	68	79	115	95	61	170	52
Enterobacteriaceae	71400	644613	49600	1179819	355675	10669	41470	877256	12331	391211	10894	11718	2381458	44564	374627	169006	159422	386561	77728	56422	24821	21450	545282	12596
Erwiniaceae	541	896	1323	1184	848	1008	923	1386	462	542	755	943	690	511	818	894	587	473	771	1354	755	1110	1596	868
Hafniaceae	744	417	556	372	330	457	624	169	269	264	483	453	536	99	254	300	284	255	160	495	426	450	395	814
Morganellaceae	662	289	824	508	310	394	649	362	252	270	390	430	636	296	632	280	246	397	258	740	528	330	481	544
Pectobacteriaceae	888	1108	1096	1524	985	1026	901	1422	646	845	1169	1197	1001	601	1024	815	867	700	1243	1486	1101	716	1097	1383
Yersiniaceae	939	1452	1829	1436	967	1485	1271	781	1029	656	1379	1888	1423	745	1364	1932	1301	675	925	1917	1265	1350	1963	1638
Immundisolibacteraceae	12	30	49	37	21	20	31	56	78	30	78	13	23	26	57	14	26	17	89	27	39	62	41	47
Coxiellaceae	87	95	866	94	95	46	264	87	204	23	31	147	42	53	203	30	144	5	39	112	43	192	303	47
Legionellaceae	132	142	399	95	126	101	212	478	86	82	274	158	103	310	234	113	120	83	197	247	212	184	83	156
Methylococcaceae	447	1095	552	541	480	556	701	1147	723	533	758	565	635	391	1185	760	984	385	1214	808	525	732	1289	838
Sinobacteraceae	613	427	96	223	114	149	170	76	45	92	196	114	206	134	199	92	134	56	104	257	78	184	115	243
Alcanivoracaceae	209	238	228	280	259	154	286	139	131	286	193	149	215	227	507	251	194	173	185	261	732	268	366	220
Endozoicomonadaceae	23	367	55	132	135	163	113	54	4	137	167	89	189	306	265	33	110	63	286	104	460	113	335	344
Hahellaceae	20	17	46	10	37	26	95	290	109	66	243	20	57	29	78	43	39	31	117	72	143	63	29	25
Halomonadaceae	1494	1230	1236	1308	1400	1564	2013	1923	1285	1168	1614	2031	1593	812	1432	1913	1722	743	2229	1643	1854	1548	1484	2208
Kangiellaceae	73	211	139	294	114	115	113	93	114	126	139	118	168	135	105	81	163	89	89	107	215	131	97	75
Oceanospirillaceae	228	296	514	104	227	154	316	224	136	78	438	207	287	187	654	91	187	62	164	201	215	319	763	262
Oleiphilaceae	6	18	33	5	5	9	30	0	0	3	6	132	3	16	7	98	2	5	41	95	2	21	1	108
Saccharospirillaceae	139	127	202	268	61	394	245	107	281	82	253	427	86	43	88	337	28	79	68	209	153	255	72	243
Orbaceae	13	68	132	24	27	48	32	6	6	10	171	27	18	13	22	21	6	6	8	57	16	87	15	10
Pasteurellaceae	4553	2145	3251	2497	3090	1734	22477	1409	1193	4858	2070	1656	3973	3102	4228	1043	1503	1046	2884	1638	1847	2478	5946	5507
Moraxellaceae	915	739	1756	945	980	1070	1578	552	882	556	925	1530	892	738	969	644	707	704	682	1292	941	1455	782	1258
Pseudomonadaceae	7440	7261	6634	6515	6128	6754	7288	6663	6047	5429	7826	9739	8037	3242	7775	9567	7524	3785	7237	8982	7186	7229	6975	10709
Salinisphaeraceae	33	56	153	29	62	38	34	42	36	43	114	43	57	70	103	40	27	38	91	48	251	25	137	49
Francisellaceae	70	708	370	134	260	323	462	277	32	314	397	199	494	535	986	38	159	345	619	321	850	273	1307	774
Piscirickettsiaceae	95	212	244	63	113	141	111	45	208	467	103	98	122	106	49	31	56	56	244	87	140	171	130	58
Thiotrichaceae	3	6	78	17	11	20	31	11	1	7	15	12	29	33	36	10	3	7	11	23	9	35	24	15
Vibrionaceae	1636	1055	2863	952	1404	1369	1900	614	1118	617	1356	1289	1196	938	1180	1074	920	942	929	1542	1392	1569	1280	1529
Rhodanobacteraceae	1023	1731	813	518	598	947	925	499	477	629	1181	595	1446	850	925	340	566	695	1372	911	1583	671	981	1788
Xanthomonadaceae	3349	3432	2552	2246	1681	2888	2882	3793	2826	2976	3147	3366	3104	1454	2710	3882	2980	1442	3751	3230	2779	3181	2072	4203
Hydrogenophilaceae	62	74	276	21	48	68	42	8	39	161	34	54	47	40	63	28	14	44	29	63	34	60	61	59
Bacteriovoracaceae	42	18	29	18	13	12	117	26	70	24	19	42	16	33	40	8	14	15	21	19	72	24	65	41
Halobacteriovoraceae	26	20	68	24	42	17	44	127	32	112	45	24	14	65	172	298	364	11	527	73	54	43	22	84
Bdellovibrionaceae	151	100	143	86	39	62	282	188	15	79	97	144	63	179	420	74	33	39	67	161	88	96	516	97
Mariprofundaceae	103	99	177	105	134	92	162	65	78	49	150	141	132	77	81	68	136	48	34	134	206	167	42	90
Leptospiraceae	90	223	194	235	1077	536	220	88	53	97	177	266	129	120	127	196	119	186	237	243	148	215	194	253
Brachyspiraceae	85	141	316	166	157	180	212	195	172	53	233	208	84	176	699	90	49	109	388	267	265	229	465	233
Borreliaceae	12	61	132	76	125	141	216	24	12	97	174	89	62	46	109	112	16	128	25	59	37	136	39	273
Spirochaetaceae	3283	14332	40248	5118	6890	29622	36585	2314	1789	8813	9942	12214	4373	21451	26625	9390	7645	25438	7884	21008	62008	34546	5603	8063
Synergistaceae	39929	39413	2609	36977	99858	438275	7884	2212058	30041	337591	39450	30081	137391	176622	203482	293517	105802	296768	158162	124293	38670	16916	196832	36253
Acholeplasmataceae	73	566	419	941	919	771	415	164	44	288	383	873	344	272	301	764	180	290	296	713	244	966	178	618
Entomoplasmataceae	47	289	289	60	1725	680	196	53	4	123	138	108	237	216	131	20	67	208	175	125	442	153	256	329
Spiroplasmataceae	75	263	230	544	1895	819	383	82	69	197	204	364	165	122	164	127	68	289	77	115	123	404	90	153
Mycoplasmataceae	164	1522	1449	774	2518	1360	789	272	192	814	870	922	886	1062	963	259	449	1247	1261	1111	1597	1047	832	1635
Thermodesulfobacteriaceae	7	19	62	21	42	19	43	19	36	14	30	19	9	54	74	2	7	73	30	42	24	28	17	20
Kosmotogaceae	63	7	53	10	30	47	66	34	16	10	58	21	16	74	20	9	195	8	40	27	13	51	42	71
Fervidobacteriaceae	69	65	86	115	77	47	139	60	42	42	253	119	35	201	121	35	47	289	188	201	122	174	172	111
Thermotogaceae	206	148	194	83	293	223	261	546	67	354	295	149	183	136	422	515	595	69	619	161	147	244	119	532
Methylacidiphilaceae	0	13	10	6	1	9	15	97	9	40	1	10	1	7	286	0	7	6	61	10	5	19	429	8
Opitutaceae	1984	1309	628	730	931	1246	2013	2369	1267	677	1179	1898	1280	520	952	1728	1130	454	827	1553	1188	1405	549	2052
Puniceicoccaceae	8	40	31	60	72	79	63	176	22	172	40	50	32	37	385	75	33	42	432	66	63	67	375	86
Akkermansiaceae	374	992	406	6963	1134	572	645	1346398	2618039	166946	822	614	625	566	82672	1035	441	8033	615	1035	872	652	837	1986
Verrucomicrobiaceae	164	178	104	103	62	141	216	612	97	107	163	247	192	100	307	252	85	276	149	263	164	228	174	206
Avsunviroidae	0	0	0	0	0	0	0	0	0	0	0	0	0	0	0	0	0	0	0	0	0	0	0	0
Pospiviroidae	0	0	0	0	0	0	0	0	0	0	0	0	0	0	0	0	0	0	0	0	0	0	0	0
Adenoviridae	0	0	0	1	0	0	0	0	0	0	0	0	0	4	0	4	0	0	0	1	0	0	0	0
Alphasatellitidae	0	0	0	0	0	0	0	0	0	0	0	0	0	0	0	0	0	0	0	0	0	0	0	0
Alphatetraviridae	0	0	0	0	0	0	0	0	0	0	0	0	0	0	0	0	0	0	0	0	0	0	0	0
Alvernaviridae	0	0	0	0	0	0	0	0	0	0	0	0	0	0	0	0	0	0	0	0	0	0	0	0
Amalgaviridae	0	0	0	0	0	0	0	0	0	0	0	0	0	0	0	0	0	0	0	0	0	0	0	0
Ampullaviridae	0	1	0	0	0	5	0	0	6	2	3	6	0	0	0	0	3	0	0	0	0	0	0	1
Anelloviridae	0	0	1	0	0	0	0	0	0	0	0	0	0	0	0	0	0	0	0	0	0	0	0	0
Arenaviridae	0	0	0	0	0	0	0	0	0	0	0	0	0	0	0	0	0	0	0	0	0	0	0	0
Ascoviridae	0	0	0	0	0	0	0	0	0	0	0	0	0	0	0	0	0	0	0	1	0	0	0	0
Asfarviridae	0	0	0	0	0	0	0	0	0	0	0	0	0	0	0	0	0	0	0	0	0	0	0	0
Aspiviridae	0	0	0	0	0	0	0	0	0	0	0	0	0	0	0	0	0	0	0	0	0	0	0	0
Astroviridae	0	0	0	0	0	0	0	0	0	0	0	0	0	0	0	0	0	0	0	0	0	0	0	0
Bacilladnaviridae	0	0	0	0	0	0	0	0	0	0	0	0	0	0	0	0	0	0	0	0	0	0	0	0
Baculoviridae	0	5	10	1	3	2	6	0	1	3	29	18	1	10	8	4	0	3	0	7	1	10	2	4
Barnaviridae	0	0	0	0	0	0	0	0	0	0	0	0	0	0	0	0	0	0	0	0	0	0	0	0
Benyviridae	0	0	0	0	0	0	0	0	0	0	0	0	0	0	0	0	0	0	0	0	0	0	0	0
Bicaudaviridae	0	0	0	0	0	0	0	0	0	0	0	0	0	0	0	0	0	0	0	0	0	0	0	0
Bidnaviridae	0	0	0	0	0	0	0	0	0	0	0	0	0	0	0	0	0	0	0	0	0	0	0	0
Birnaviridae	0	0	0	0	0	0	0	0	0	0	0	0	0	0	0	0	0	0	0	0	0	0	0	0
Bromoviridae	0	0	0	0	0	0	0	0	0	0	0	0	0	0	0	0	0	0	0	0	0	0	0	0
Caliciviridae	0	0	0	0	0	0	0	0	0	0	0	0	0	0	0	0	0	0	0	0	0	0	0	0
Carmotetraviridae	0	0	0	0	0	0	0	0	0	0	0	0	0	0	0	0	0	0	0	0	0	0	0	0
Chrysoviridae	0	0	0	0	0	0	0	0	0	0	0	0	0	0	0	0	0	0	0	0	0	0	0	0
Circoviridae	0	0	4	0	0	0	440	0	0	5	0	10293	0	0	0	0	1	3	0	0	0	777	0	0
Closteroviridae	0	0	0	2	0	0	4	1	0	0	0	0	0	0	0	0	0	0	0	0	0	0	0	0
Corticoviridae	0	0	0	0	0	0	0	0	0	0	0	0	0	0	0	0	0	0	0	0	0	0	0	0
Cystoviridae	0	0	0	0	0	0	0	0	0	0	0	0	0	0	0	0	0	0	0	0	0	0	0	0
Endornaviridae	0	0	0	0	0	0	0	0	0	0	0	0	0	0	0	0	0	0	0	0	0	0	0	0
Flaviviridae	0	0	1	0	0	0	1	0	0	0	0	0	0	0	1	1	0	2	0	0	0	0	0	2
Fusariviridae	0	0	0	0	0	0	0	0	0	0	0	0	0	0	0	0	0	0	0	0	0	0	0	0
Fuselloviridae	0	0	0	0	0	0	0	0	0	0	0	0	0	0	0	0	0	0	0	0	0	0	0	0
Geminiviridae	0	0	1	0	0	0	1	0	0	0	2	0	0	0	0	0	0	0	0	0	0	0	0	0
Genomoviridae	0	0	0	0	0	0	0	0	0	0	0	0	0	0	0	0	0	0	0	0	0	0	0	0
Globuloviridae	0	0	0	0	0	0	0	0	0	0	0	0	0	0	0	0	0	0	0	0	0	0	0	0
Guttaviridae	0	0	0	0	0	0	0	0	0	0	0	0	0	0	0	0	0	0	0	0	0	0	0	0
Hepadnaviridae	1	3	1	4	2	1	0	0	2	0	1	2	1	2	0	3	0	1	2	0	3	2	0	0
Hepeviridae	0	0	0	0	0	0	0	0	0	0	0	0	0	0	0	0	0	0	0	0	0	0	0	0
Hypoviridae	0	0	0	0	0	0	0	0	0	0	0	0	0	0	0	0	0	0	0	0	0	0	0	0
Hytrosaviridae	0	0	0	0	5	0	0	0	0	0	0	0	0	0	0	0	0	0	0	0	0	0	0	0
Inoviridae	0	0	0	0	0	0	0	0	0	0	0	0	0	0	0	0	0	0	0	0	0	0	0	0
Iridoviridae	0	1	1	0	0	0	0	0	0	0	0	0	0	0	2	0	0	0	0	1	0	5	0	1
Lavidaviridae	0	0	0	0	0	0	0	0	0	0	0	0	0	0	0	0	0	0	0	0	0	0	1	0
Leviviridae	0	0	2	0	0	0	0	0	0	0	0	0	0	0	0	0	0	0	0	0	0	0	0	0
Luteoviridae	0	0	0	0	0	0	0	0	0	0	0	0	0	0	0	0	0	0	0	0	0	0	0	0
Marseilleviridae	1	0	4	2	0	1	0	0	1	0	0	0	0	0	0	0	0	0	0	0	0	0	0	0
Megabirnaviridae	0	0	0	0	0	0	0	0	0	0	0	0	0	0	0	0	0	0	0	0	0	0	0	0
Microviridae	0	1	0	111	9	16	0	108	15	74	0	2	2	5	68	0	0	32	22	2	0	0	8	1
Mimiviridae	0	1	7	1	2	3	3	0	0	0	6	23	2	7	7	1	0	2	1	7	15	4	2	11
Nanoviridae	0	0	0	0	0	0	0	0	0	0	0	0	0	0	0	0	0	0	0	0	0	0	0	0
Narnaviridae	0	0	0	0	0	0	0	0	0	0	0	0	0	0	0	0	0	0	0	0	0	0	0	0
Nimaviridae	0	0	0	0	0	0	1	0	1	0	1	0	0	0	0	0	0	0	0	0	0	0	0	0
Nodaviridae	0	0	0	0	0	0	0	0	0	0	0	0	0	0	0	0	0	0	0	0	0	0	0	0
Nudiviridae	0	1	1	0	0	2	0	1	0	1	0	0	1	1	0	0	1	0	3	3	0	2	2	1
Orthomyxoviridae	0	0	0	0	0	0	0	0	0	0	0	0	0	0	0	0	0	0	0	0	0	0	0	0
Papillomaviridae	2	0	1	0	1	0	1	0	0	0	0	0	1	0	0	0	0	0	1	0	0	0	0	0
Partitiviridae	0	0	0	0	0	1	0	0	0	0	0	0	0	0	0	0	0	0	0	0	0	0	0	3
Parvoviridae	0	16	7	7	0	0	2	0	0	0	7	19	0	0	0	1	0	0	0	4	1	14	0	0
Permutotetraviridae	0	0	0	0	0	0	0	0	0	0	0	0	0	0	0	0	0	0	0	0	0	0	0	0
Phycodnaviridae	2	7	19	1	1	1	13	0	0	37	37	19	5	36	2	1	1	6	3	15	57	23	1	5
Picobirnaviridae	0	0	0	0	0	0	0	0	0	0	0	0	0	0	0	0	0	0	0	0	0	0	0	0
Pithoviridae	0	0	2	0	0	0	0	0	2	0	0	5	0	0	1	0	0	0	0	0	0	0	0	0
Plasmaviridae	0	0	0	0	0	0	0	0	0	0	0	0	0	0	0	0	0	0	0	0	0	0	0	0
Pleolipoviridae	0	0	0	0	0	0	0	0	0	0	0	0	0	0	0	0	0	0	0	0	0	0	0	0
Polydnaviridae	0	0	39	2	0	2	6	1	2	0	5	1	0	10	19	57	9	0	2	6	5	2	20	5
Polyomaviridae	0	0	0	0	0	0	0	0	0	0	0	0	0	0	0	0	0	0	0	0	0	0	0	0
Portogloboviridae	0	0	0	0	0	0	0	0	0	0	0	0	0	0	0	0	0	0	0	0	0	0	0	0
Potyviridae	0	0	0	0	0	0	1	0	0	0	0	0	0	0	0	0	0	0	0	0	0	0	0	0
Poxviridae	1	4	19	3	2	24	1	0	2	0	25	3	5	6	1	6	2	2	4	9	4	10	2	7
Quadriviridae	0	0	0	0	0	0	0	0	0	0	0	0	0	0	0	0	0	0	0	0	0	0	0	0
Reoviridae	0	0	0	0	0	0	0	0	0	0	0	0	0	0	0	0	0	0	0	0	0	0	0	0
Smacoviridae	0	0	5	0	4	0	0	0	0	1	0	0	0	0	0	0	5	0	0	1	4	0	0	0
Solemoviridae	0	0	0	0	0	0	0	0	0	0	0	0	0	0	0	0	0	0	0	0	0	0	0	0
Solinviviridae	0	0	0	1	0	0	0	0	0	0	0	0	0	1	1	0	0	0	0	1	0	0	0	0
Sphaerolipoviridae	0	0	0	0	0	0	0	0	0	0	0	0	0	0	0	0	0	0	0	0	0	0	0	0
Tectiviridae	0	0	0	0	0	0	0	0	0	0	0	0	0	0	0	0	0	0	0	0	0	0	0	0
Togaviridae	0	0	0	0	0	0	0	0	0	0	0	0	0	0	0	0	0	0	0	0	0	0	0	0
Tolecusatellitidae	0	0	0	0	0	0	0	0	0	0	0	1	0	0	9	0	0	0	0	0	0	0	0	0
Tombusviridae	0	0	0	0	0	0	0	0	0	0	0	0	0	0	0	0	0	1	0	0	0	0	0	0
Totiviridae	0	0	1	0	0	0	1	0	1	0	0	0	0	3	0	2	0	1	0	1	0	1	3	0
Tristromaviridae	0	0	0	0	0	0	0	0	0	0	0	0	0	0	0	0	0	0	0	0	0	0	0	0
Turriviridae	0	0	0	0	0	0	0	0	0	0	0	0	0	0	0	0	0	0	0	0	0	0	0	0
Virgaviridae	0	0	1	0	0	0	0	0	0	0	0	0	0	0	0	0	0	0	0	0	0	0	0	1
Fimoviridae	0	0	0	0	0	0	0	0	0	0	0	0	0	0	0	0	0	0	0	0	0	0	0	0
Hantaviridae	0	0	1	0	0	0	0	0	1	0	0	0	0	0	0	0	0	0	0	0	0	0	0	0
Jonviridae	0	0	0	0	0	0	0	0	0	0	0	0	0	0	0	0	0	0	0	0	0	0	0	0
Nairoviridae	0	0	4	0	0	0	0	0	0	0	1	0	0	0	0	0	0	0	0	0	0	0	0	0
Peribunyaviridae	1	0	0	0	0	0	0	0	2	2	2	0	0	2	0	0	0	2	2	1	3	0	1	1
Phasmaviridae	0	0	0	0	0	0	0	0	0	0	0	0	0	0	0	0	0	0	0	0	0	0	0	0
Phenuiviridae	0	0	0	0	0	0	0	0	0	0	0	0	0	0	0	1	0	0	0	0	0	0	0	0
Tospoviridae	0	0	2	0	1	0	0	0	0	0	0	0	0	0	0	0	0	0	0	0	3	1	0	0
Ackermannviridae	0	0	0	0	0	0	0	1	0	0	0	1	0	1	0	0	1	0	0	3	0	0	0	0
Myoviridae	64	77	414	326	45	38	153	132	972	93	55	548	219	5723	102	137	111	187	87	309	427	617	26	119
Podoviridae	4	21	340	379	13	8	915	204	1	133	100	333	982	394	6679	62	5	315	208	300	77	1533	260	8
Siphoviridae	34	263	706	1616	373	877	121	431	6271	21350	1990	170	40305	391	1188	564	68	2276	561	3039	246	398	186	1864
Alloherpesviridae	0	0	1	0	3	1	2	0	1	0	2	4	0	2	0	9	4	2	4	2	3	0	0	1
Herpesviridae	0	112	11	8	6	4	8	2	11	0	3	16	6	10	20	19	9	12	9	96	113	12	5	36
Malacoherpesviridae	0	0	0	0	0	0	0	0	0	0	0	0	0	0	0	0	1	0	0	0	0	0	0	2
Lipothrixviridae	0	0	0	0	0	0	0	0	0	0	0	0	0	0	0	0	0	0	0	0	0	0	0	0
Rudiviridae	0	0	3	0	0	0	0	0	0	0	0	0	0	0	0	0	0	0	0	0	0	0	0	0
Bornaviridae	0	0	0	1	0	0	0	0	0	0	0	0	0	0	0	0	1	2	0	0	3	0	2	0
Filoviridae	0	0	0	0	0	0	0	0	0	0	0	0	0	0	0	0	0	0	0	0	0	0	0	0
Mymonaviridae	0	0	0	0	0	0	0	0	0	0	0	0	0	0	0	0	0	0	0	0	0	0	0	0
Nyamiviridae	0	0	0	0	0	0	0	0	0	0	0	0	0	0	0	0	0	0	0	0	0	0	0	0
Paramyxoviridae	0	0	0	0	0	0	0	0	0	0	0	0	0	1	0	0	0	0	0	0	0	0	0	0
Pneumoviridae	0	0	0	0	0	0	0	0	0	0	0	0	0	0	0	0	0	0	0	0	0	0	0	0
Rhabdoviridae	0	0	0	0	0	0	0	0	0	0	0	0	0	0	0	0	0	0	0	0	0	5	0	0
Sunviridae	0	0	0	0	0	0	0	0	0	0	0	0	0	0	0	0	0	0	0	0	0	0	0	0
Arteriviridae	0	0	0	0	0	0	0	0	0	0	0	0	0	0	0	0	0	0	0	0	0	1	0	0
Coronaviridae	0	0	0	0	1	0	0	0	0	0	0	0	0	0	0	0	0	0	0	0	0	0	0	1
Mesoniviridae	0	0	0	0	0	0	0	0	0	0	0	0	0	0	0	0	0	0	0	0	0	0	0	0
Roniviridae	0	0	0	0	0	0	0	0	0	0	0	0	0	0	0	0	0	0	0	0	0	0	0	0
Caulimoviridae	0	0	0	0	0	0	0	0	0	0	0	0	0	0	0	0	0	0	0	0	0	0	0	0
Retroviridae	39	29	66	17	19	17	24	40	14	21	19	16	11	25	24	21	15	19	23	19	17	21	22	22
Dicistroviridae	0	0	2	0	0	0	0	0	0	0	0	0	0	0	0	0	0	0	0	0	0	0	0	0
Iflaviridae	0	0	0	0	0	0	0	0	0	0	0	0	0	0	0	0	0	0	0	0	0	0	0	0
Marnaviridae	0	0	0	0	0	0	0	0	0	0	0	0	0	0	0	0	0	0	0	0	0	0	0	0
Picornaviridae	0	0	1	0	1	0	0	0	1	0	1	0	0	0	0	0	0	1	1	0	2	1	0	1
Polycipiviridae	0	0	0	0	0	0	0	0	0	0	0	0	0	1	0	0	0	0	0	0	0	0	0	0
Secoviridae	0	0	0	0	0	0	0	0	0	0	0	0	0	0	0	0	0	0	0	0	0	0	0	0
Alphaflexiviridae	1	1	0	0	0	0	0	0	0	0	0	0	0	1	0	2	0	0	1	0	0	0	0	3
Betaflexiviridae	0	2	0	0	0	0	8	0	0	0	1	6	1	0	1	0	0	0	0	0	1	23	0	2
Deltaflexiviridae	0	0	0	0	0	0	0	0	0	0	0	0	0	0	0	0	0	0	0	0	0	0	0	0
Gammaflexiviridae	0	0	0	0	0	0	0	0	0	0	0	0	0	0	0	0	0	0	0	0	0	0	0	0
Tymoviridae	0	0	0	0	0	0	0	0	0	0	0	0	0	0	0	0	0	0	0	0	0	0	0	0
